21514,1
22700,1
25934,1
26181,1
26361,1
26407,1
26496,1
26501,1
26540,1
26571,1
26607,1
26631,1
26632,1
26645,1
26694,1
26706,1
26722,1
26765,1
26784,1
26806,1
26828,1
26847,1
26906,1
26947,1
27079,1
27112,1
27154,1
27172,1
27201,1
27207,1
27210,1
27249,1
27295,1
27304,1
27414,1
27449,1
27454,1
27501,1
27510,1
27537,1
27596,1
27619,1
27629,1
27630,1
27634,1
27682,2
27685,1
27687,1
27703,1
27740,1
27743,1
27773,1
27784,1
27795,1
27805,1
27811,1
27834,1
27838,1
27846,1
27861,1
27877,1
27891,1
27895,1
27904,1
27908,1
27915,1
27948,1
27958,1
27968,1
27969,1
27974,1
27976,1
27988,1
27990,1
27999,1
28002,1
28006,1
28014,1
28043,1
28076,1
28082,1
28091,1
28093,1
28112,1
28115,1
28132,1
28133,2
28134,1
28136,1
28141,1
28144,1
28153,1
28166,1
28195,1
28196,1
28205,1
28252,1
28270,1
28288,1
28303,1
28314,1
28319,1
28330,1
28349,1
28353,1
28366,1
28375,1
28380,1
28390,1
28406,1
28408,1
28410,1
28413,1
28428,1
28429,1
28432,1
28446,1
28473,1
28477,1
28484,1
28485,3
28491,1
28509,1
28519,1
28550,1
28551,1
28568,1
28571,1
28593,1
28609,1
28620,1
28622,1
28629,1
28631,1
28640,1
28642,1
28643,1
28651,1
28678,1
28680,1
28685,1
28699,1
28703,1
28706,1
28713,1
28721,1
28742,1
28744,1
28772,1
28789,1
28797,1
28805,1
28816,1
28821,1
28824,1
28825,1
28828,1
28837,1
28841,1
28864,1
28865,1
28867,1
28869,2
28885,1
28887,1
28888,1
28911,1
28912,1
28916,1
28917,1
28946,1
28950,2
28951,1
28955,1
28963,1
28964,1
28973,1
29001,1
29015,1
29024,1
29027,1
29032,1
29058,1
29063,1
29070,1
29073,1
29075,1
29077,1
29078,1
29079,1
29080,1
29082,1
29088,1
29096,1
29108,1
29109,1
29132,1
29139,1
29148,1
29157,1
29164,1
29168,1
29175,2
29182,1
29187,1
29191,1
29193,1
29204,3
29210,1
29222,1
29225,1
29226,1
29236,1
29244,2
29258,1
29263,1
29265,1
29268,1
29273,1
29290,2
29295,1
29296,1
29314,1
29318,1
29327,1
29332,1
29337,1
29344,1
29364,2
29377,1
29384,1
29388,1
29392,1
29393,1
29406,1
29408,1
29409,1
29410,1
29413,1
29426,1
29430,1
29441,1
29448,1
29449,1
29457,1
29465,1
29478,1
29480,1
29484,1
29489,1
29494,2
29496,1
29499,1
29501,1
29528,1
29537,1
29538,1
29539,1
29548,1
29554,1
29555,1
29558,1
29560,1
29563,1
29578,1
29580,1
29581,1
29582,1
29583,1
29597,1
29614,1
29617,1
29626,2
29634,2
29637,1
29639,1
29645,1
29646,1
29647,1
29671,1
29673,1
29677,2
29687,1
29692,1
29703,1
29706,1
29712,3
29722,1
29728,1
29745,1
29758,1
29759,1
29766,1
29776,1
29816,2
29819,1
29823,1
29829,1
29833,1
29834,2
29847,1
29848,1
29850,1
29862,1
29866,1
29867,1
29880,1
29888,1
29893,1
29902,1
29908,1
29909,2
29922,1
29928,1
29935,1
29940,1
29941,1
29943,1
29945,1
29954,1
29964,1
29966,1
29980,2
29983,1
29989,1
29999,1
30006,1
30023,1
30026,1
30028,1
30042,1
30044,1
30049,1
30079,1
30081,1
30091,1
30094,1
30107,1
30108,1
30117,1
30134,1
30138,1
30142,1
30148,1
30149,1
30157,1
30159,1
30160,1
30166,1
30169,1
30183,1
30186,2
30197,1
30202,1
30203,1
30205,1
30207,1
30209,1
30213,1
30218,1
30260,1
30263,1
30278,1
30285,1
30288,1
30289,1
30297,1
30300,1
30304,1
30306,1
30309,2
30317,1
30318,1
30319,1
30322,1
30326,1
30332,1
30343,1
30350,1
30368,1
30373,1
30375,1
30377,1
30383,1
30388,1
30391,1
30395,1
30396,1
30399,1
30424,1
30429,1
30434,1
30435,1
30442,1
30446,1
30450,1
30464,2
30475,1
30479,1
30486,1
30494,1
30501,1
30522,1
30526,1
30528,2
30532,1
30534,1
30544,1
30563,1
30566,1
30573,1
30576,2
30591,1
30600,1
30602,1
30611,1
30616,1
30621,1
30622,1
30624,1
30645,1
30651,1
30662,1
30665,1
30676,1
30681,1
30688,1
30695,1
30717,1
30722,1
30726,1
30737,1
30742,1
30748,1
30767,1
30771,2
30774,1
30779,1
30783,1
30785,1
30801,1
30805,1
30807,1
30813,1
30819,1
30820,1
30822,2
30823,1
30826,1
30831,1
30834,1
30842,1
30846,1
30850,2
30856,1
30860,1
30862,1
30869,1
30875,1
30877,1
30895,1
30915,1
30926,1
30932,2
30939,1
30940,1
30942,1
30943,1
30951,1
30957,1
30963,1
30969,1
30974,1
30975,1
30986,1
30988,1
30989,1
30994,1
30997,1
31005,1
31008,1
31020,1
31024,1
31038,1
31050,1
31055,1
31057,1
31060,1
31066,1
31074,1
31077,1
31080,2
31092,1
31097,1
31101,1
31103,1
31110,1
31118,1
31121,1
31130,2
31140,1
31146,1
31154,1
31155,1
31157,1
31162,1
31167,1
31180,1
31189,1
31199,1
31200,1
31207,1
31208,1
31210,1
31211,1
31216,1
31217,1
31224,1
31227,1
31234,1
31241,2
31242,1
31253,1
31256,2
31260,1
31275,1
31277,1
31283,1
31293,1
31294,1
31299,1
31301,1
31304,1
31312,1
31313,1
31318,1
31324,1
31326,1
31328,1
31343,1
31346,1
31358,1
31359,1
31364,1
31365,1
31380,1
31381,1
31394,1
31406,1
31407,1
31410,1
31411,1
31424,1
31432,1
31436,1
31445,1
31455,1
31456,1
31460,1
31464,1
31467,1
31469,1
31471,1
31473,1
31484,1
31487,2
31490,1
31495,1
31499,1
31517,1
31523,1
31536,1
31537,2
31538,1
31547,1
31548,1
31551,1
31568,1
31576,1
31582,1
31597,1
31605,1
31607,2
31615,1
31625,1
31630,1
31649,1
31651,1
31656,1
31675,1
31683,1
31687,1
31690,2
31692,1
31697,1
31698,1
31723,1
31731,1
31736,2
31741,1
31742,1
31747,2
31748,1
31752,1
31756,1
31776,1
31777,1
31787,1
31790,1
31792,1
31794,1
31798,1
31818,1
31819,1
31820,1
31822,1
31834,1
31856,1
31863,1
31866,2
31889,1
31894,1
31906,1
31911,1
31912,1
31919,1
31925,2
31931,1
31933,1
31937,1
31938,1
31943,1
31944,1
31948,1
31952,1
31956,1
31957,1
31963,1
31974,1
31979,1
31985,1
31987,1
31990,1
31992,2
31996,1
32000,1
32006,1
32024,1
32030,1
32031,1
32032,1
32038,1
32055,1
32062,1
32076,1
32080,1
32083,1
32084,2
32092,1
32099,2
32106,1
32108,1
32109,1
32111,1
32119,1
32120,1
32130,1
32131,1
32139,1
32142,1
32145,1
32146,1
32153,1
32154,1
32156,1
32168,1
32169,1
32174,1
32188,1
32200,1
32202,1
32205,1
32216,1
32219,1
32223,1
32231,1
32235,2
32236,2
32243,1
32256,1
32260,2
32265,1
32286,1
32287,1
32289,1
32291,2
32292,1
32297,2
32299,1
32301,1
32320,1
32325,1
32327,1
32331,1
32338,1
32339,1
32346,1
32357,2
32359,2
32367,1
32371,2
32372,1
32379,1
32386,1
32392,1
32394,2
32397,1
32400,2
32402,1
32422,1
32426,1
32429,1
32433,1
32442,1
32447,1
32448,1
32451,1
32452,1
32456,1
32462,2
32470,1
32481,1
32482,1
32488,1
32517,1
32520,1
32532,1
32552,2
32555,1
32561,1
32565,1
32573,1
32579,1
32580,1
32586,1
32608,1
32613,2
32614,1
32617,2
32628,1
32629,1
32644,1
32651,1
32659,1
32661,1
32662,1
32670,1
32671,1
32679,1
32681,1
32694,1
32698,1
32699,1
32703,1
32708,1
32710,1
32719,1
32720,2
32721,1
32726,1
32729,1
32735,1
32737,1
32738,1
32747,1
32752,1
32753,2
32757,1
32761,1
32763,1
32772,1
32773,1
32777,1
32780,1
32782,1
32786,1
32795,1
32799,1
32800,1
32813,1
32815,1
32819,1
32822,1
32823,1
32827,1
32831,1
32832,1
32843,1
32853,1
32858,1
32861,1
32864,1
32867,1
32881,2
32883,1
32884,1
32887,1
32892,1
32895,1
32900,1
32905,1
32909,2
32910,1
32911,1
32913,1
32914,1
32915,1
32916,1
32917,1
32922,1
32929,3
32933,1
32942,1
32946,1
32949,2
32950,1
32951,1
32981,2
32984,1
32986,1
32992,1
32996,1
33000,1
33007,1
33009,1
33010,1
33013,2
33019,3
33024,1
33033,1
33041,1
33048,1
33053,1
33064,1
33067,1
33068,1
33069,1
33075,1
33080,1
33086,1
33088,2
33091,1
33097,1
33105,1
33113,1
33118,1
33120,1
33128,1
33130,1
33137,1
33141,2
33144,1
33157,1
33161,1
33162,1
33163,1
33166,1
33167,1
33168,1
33175,1
33178,1
33181,1
33186,1
33189,1
33203,1
33210,3
33217,1
33221,1
33223,1
33225,1
33235,1
33245,1
33247,1
33258,1
33266,1
33277,1
33279,1
33281,1
33282,1
33296,1
33297,1
33298,1
33299,2
33304,1
33312,1
33321,1
33327,1
33330,1
33339,1
33343,1
33345,1
33346,1
33352,1
33355,1
33363,1
33370,1
33383,2
33389,1
33405,1
33408,1
33423,1
33433,1
33434,2
33438,1
33446,1
33448,1
33452,1
33460,1
33464,1
33465,1
33468,1
33470,1
33474,1
33490,1
33492,1
33497,1
33498,1
33500,1
33501,1
33511,2
33513,1
33538,2
33540,1
33547,1
33555,1
33570,1
33579,1
33584,1
33595,2
33600,1
33603,1
33607,1
33614,1
33620,1
33626,1
33633,1
33638,1
33641,2
33644,1
33647,1
33651,1
33653,1
33678,1
33682,2
33683,1
33689,1
33692,1
33695,1
33702,1
33705,1
33706,2
33709,2
33713,2
33715,1
33736,1
33742,1
33759,1
33764,1
33768,1
33771,2
33773,1
33782,1
33790,1
33793,1
33802,1
33808,1
33810,1
33823,1
33826,1
33836,2
33837,1
33849,1
33852,1
33856,1
33877,1
33879,1
33883,1
33887,1
33892,1
33901,1
33906,1
33907,1
33911,1
33912,1
33915,2
33916,1
33921,2
33925,1
33935,1
33937,1
33938,2
33945,1
33947,1
33949,1
33952,1
33953,1
33958,1
33960,2
33967,1
33974,1
33982,1
33987,1
33995,1
33998,1
34002,1
34004,1
34016,1
34021,1
34028,1
34052,1
34053,1
34055,1
34072,1
34086,1
34089,1
34091,1
34094,2
34095,1
34096,1
34099,2
34104,1
34110,1
34111,1
34125,1
34130,1
34132,1
34139,1
34147,1
34154,1
34157,1
34166,1
34168,1
34169,1
34174,1
34178,1
34181,1
34182,1
34204,1
34217,1
34221,1
34225,1
34226,1
34235,1
34249,1
34253,1
34272,1
34280,1
34281,1
34283,1
34286,1
34287,1
34288,1
34292,1
34294,1
34296,1
34297,2
34305,1
34307,2
34308,1
34312,1
34317,1
34328,1
34330,1
34335,1
34340,1
34345,1
34358,1
34368,1
34369,1
34371,2
34384,1
34385,1
34389,1
34392,1
34408,1
34416,1
34425,1
34435,1
34442,1
34450,1
34451,1
34455,1
34459,1
34468,1
34492,1
34494,2
34513,1
34515,1
34523,1
34538,1
34539,1
34542,3
34546,1
34554,1
34557,1
34561,1
34564,1
34574,1
34575,2
34585,1
34586,1
34593,1
34596,2
34597,2
34600,1
34612,1
34614,1
34615,1
34616,2
34617,1
34628,1
34631,1
34632,1
34634,1
34635,1
34639,1
34640,1
34649,1
34654,1
34666,1
34676,2
34695,1
34702,1
34705,1
34709,1
34711,1
34712,1
34715,1
34722,1
34724,1
34731,1
34736,1
34739,2
34740,1
34746,1
34748,1
34749,1
34755,1
34756,1
34762,1
34764,1
34766,1
34767,1
34771,1
34772,1
34773,1
34788,1
34800,1
34802,1
34807,1
34812,1
34825,1
34826,1
34834,1
34839,1
34842,1
34843,2
34846,1
34848,1
34850,1
34851,1
34853,1
34856,1
34859,1
34866,2
34868,1
34869,1
34875,1
34881,1
34884,2
34885,1
34887,1
34897,1
34901,1
34919,1
34930,1
34931,2
34934,1
34936,1
34937,1
34938,2
34941,1
34945,1
34952,1
34953,1
34954,1
34960,2
34962,2
34964,1
34968,1
34976,1
34977,1
34987,1
34991,1
34995,1
34999,1
35010,1
35017,1
35035,1
35038,1
35050,1
35051,1
35062,1
35072,1
35076,1
35086,1
35090,1
35104,1
35106,1
35117,1
35124,1
35134,1
35140,1
35147,1
35151,1
35157,1
35174,1
35180,1
35184,1
35187,1
35194,1
35206,1
35216,1
35226,1
35227,1
35231,1
35236,2
35238,1
35240,2
35255,1
35262,3
35266,1
35271,1
35291,1
35299,1
35309,2
35313,1
35320,1
35321,1
35327,1
35329,1
35334,1
35350,1
35372,1
35374,1
35395,1
35396,1
35397,1
35401,1
35402,1
35408,2
35421,1
35434,1
35442,2
35444,1
35451,1
35453,1
35457,1
35465,1
35469,1
35472,1
35473,1
35474,1
35486,1
35488,1
35490,1
35505,1
35521,1
35531,1
35551,1
35552,1
35555,1
35557,1
35558,1
35560,1
35576,2
35580,1
35583,1
35589,2
35590,1
35592,1
35593,1
35596,3
35600,1
35606,2
35607,1
35609,1
35626,1
35627,1
35629,1
35630,1
35638,1
35642,1
35643,1
35644,1
35645,1
35653,1
35665,1
35685,2
35686,1
35688,1
35692,1
35694,1
35700,1
35706,1
35707,1
35712,1
35715,1
35723,1
35724,1
35732,1
35747,1
35749,1
35754,1
35756,1
35760,1
35764,1
35769,1
35770,1
35774,1
35778,1
35787,1
35788,1
35789,1
35791,2
35799,1
35810,2
35812,1
35828,1
35834,1
35836,1
35840,1
35845,1
35861,1
35869,1
35873,1
35875,1
35876,1
35877,1
35879,1
35885,1
35888,1
35901,1
35902,1
35904,2
35926,1
35942,1
35946,1
35952,1
35955,1
35961,1
35966,1
35975,1
35998,1
36001,1
36004,1
36008,1
36016,2
36020,1
36029,1
36032,1
36041,1
36043,1
36045,1
36048,1
36053,1
36054,1
36063,1
36084,1
36092,1
36095,1
36100,1
36106,1
36108,1
36115,1
36121,1
36122,1
36124,1
36125,1
36127,1
36144,1
36148,1
36158,1
36159,1
36164,1
36167,1
36171,1
36176,1
36177,1
36181,1
36190,1
36191,1
36200,1
36201,1
36206,1
36212,1
36216,1
36227,2
36241,1
36251,1
36268,1
36270,1
36275,1
36276,1
36297,1
36301,1
36308,1
36310,1
36323,1
36335,1
36348,1
36354,1
36366,1
36378,2
36380,2
36383,1
36387,1
36392,1
36396,1
36412,1
36415,2
36421,2
36422,1
36430,1
36435,1
36444,1
36446,1
36448,1
36457,1
36459,1
36461,1
36464,1
36465,1
36469,1
36470,1
36472,1
36475,1
36488,1
36493,2
36495,1
36499,1
36502,1
36505,1
36506,1
36508,1
36520,1
36534,1
36536,1
36543,1
36548,1
36550,2
36555,1
36557,1
36562,1
36569,1
36570,1
36574,1
36576,2
36577,1
36585,1
36592,1
36601,1
36607,1
36625,1
36631,1
36646,2
36651,1
36657,1
36658,1
36659,1
36670,1
36674,1
36678,1
36680,1
36685,1
36693,1
36695,1
36696,1
36704,1
36707,1
36713,1
36717,1
36727,1
36734,1
36748,1
36749,1
36751,1
36754,1
36760,1
36770,1
36775,1
36777,1
36781,1
36782,2
36793,1
36797,1
36804,2
36816,1
36845,1
36846,1
36849,1
36859,1
36867,1
36873,1
36884,1
36888,1
36891,1
36897,1
36899,1
36901,1
36911,2
36912,1
36920,2
36924,1
36934,1
36936,1
36950,1
36965,1
36972,1
36982,1
36983,1
36989,1
36990,1
36994,1
36998,2
37006,1
37011,1
37017,2
37021,1
37023,2
37029,1
37031,1
37032,2
37038,1
37042,1
37046,1
37047,1
37057,1
37069,1
37072,1
37083,1
37087,1
37090,1
37091,1
37103,1
37113,1
37114,1
37117,1
37122,1
37123,1
37138,1
37140,1
37144,1
37152,1
37162,2
37174,1
37182,1
37186,1
37191,1
37198,1
37200,1
37206,1
37209,1
37210,1
37214,2
37216,1
37240,1
37241,2
37243,1
37254,1
37257,1
37261,1
37263,1
37264,1
37267,1
37268,1
37272,2
37277,2
37286,1
37299,1
37300,1
37301,1
37302,1
37308,1
37322,1
37326,1
37335,1
37342,1
37347,1
37354,1
37364,2
37371,1
37386,1
37387,1
37389,2
37397,1
37412,1
37415,1
37417,1
37419,1
37421,1
37423,1
37432,1
37444,1
37460,1
37475,1
37487,1
37499,2
37500,1
37519,1
37530,1
37541,2
37545,1
37559,1
37561,1
37564,1
37565,1
37568,1
37574,1
37580,1
37589,1
37595,1
37601,1
37603,1
37610,1
37618,1
37620,1
37622,1
37624,1
37629,1
37632,1
37645,1
37647,1
37653,1
37655,1
37664,1
37672,1
37677,1
37686,2
37687,1
37690,1
37692,1
37696,2
37697,1
37705,1
37708,1
37709,1
37711,1
37717,1
37731,1
37734,1
37740,1
37745,1
37746,1
37748,1
37752,1
37754,2
37757,1
37765,1
37772,1
37775,1
37776,1
37780,2
37787,1
37789,1
37790,1
37793,1
37800,2
37801,1
37802,1
37803,1
37818,1
37822,1
37825,1
37829,1
37851,1
37864,1
37870,1
37874,1
37881,1
37886,1
37909,1
37911,1
37914,1
37917,2
37940,1
37957,1
37959,1
37969,1
37977,1
37984,1
37994,1
38003,1
38018,1
38028,1
38029,1
38034,1
38040,1
38047,1
38058,1
38064,1
38068,1
38080,1
38088,1
38115,1
38116,1
38118,1
38142,2
38149,1
38152,1
38155,1
38160,1
38162,1
38167,1
38173,1
38175,2
38178,1
38184,1
38187,2
38188,1
38200,1
38205,2
38206,1
38208,1
38216,1
38239,1
38242,1
38259,1
38264,1
38267,1
38276,2
38277,1
38278,1
38281,1
38285,1
38293,1
38295,1
38296,1
38299,1
38338,1
38342,1
38346,1
38348,1
38362,1
38363,1
38375,1
38382,1
38390,1
38401,1
38402,1
38405,1
38420,1
38425,1
38433,1
38436,1
38438,1
38448,1
38454,1
38455,1
38469,1
38477,1
38479,1
38481,1
38500,1
38501,1
38504,1
38514,1
38525,1
38545,1
38549,1
38551,1
38557,1
38558,2
38560,1
38566,1
38578,1
38583,1
38598,1
38600,1
38607,1
38625,1
38635,1
38651,1
38652,1
38654,1
38659,1
38667,1
38689,1
38697,1
38698,1
38709,1
38714,1
38715,2
38718,1
38721,1
38727,1
38728,1
38731,1
38734,1
38738,1
38742,1
38749,1
38751,2
38769,2
38771,4
38775,1
38789,1
38790,1
38794,1
38796,1
38809,1
38810,1
38821,1
38824,1
38827,1
38831,1
38832,1
38836,2
38839,1
38840,1
38844,1
38850,1
38861,1
38862,1
38864,1
38868,1
38874,1
38875,1
38878,1
38880,1
38883,1
38885,1
38887,1
38910,1
38915,1
38920,1
38923,1
38932,1
38936,1
38945,1
38946,1
38960,1
38963,1
38970,1
38972,1
38980,1
38986,1
38987,1
38989,1
38991,1
38998,1
39004,1
39006,1
39015,2
39028,1
39030,1
39034,1
39043,1
39045,1
39065,1
39072,1
39073,1
39075,1
39082,1
39092,1
39095,1
39100,1
39105,1
39113,1
39123,2
39134,1
39136,2
39147,1
39172,1
39173,1
39177,1
39186,1
39187,1
39188,1
39190,1
39193,1
39197,1
39201,1
39210,1
39214,1
39230,1
39233,1
39246,1
39255,1
39262,1
39270,1
39284,1
39311,1
39324,1
39332,1
39334,1
39335,1
39338,1
39339,1
39343,1
39346,1
39354,1
39360,1
39361,2
39369,1
39373,1
39374,1
39379,1
39382,1
39391,1
39396,1
39402,1
39404,1
39406,1
39410,1
39413,2
39422,1
39438,1
39439,1
39446,1
39448,1
39452,1
39466,2
39470,1
39486,1
39488,1
39490,1
39503,2
39508,2
39509,1
39516,1
39523,1
39524,1
39529,1
39530,1
39532,2
39534,1
39536,1
39544,1
39546,1
39550,1
39556,1
39557,1
39568,2
39569,1
39570,1
39585,1
39587,1
39588,1
39590,5
39595,1
39597,1
39599,1
39602,1
39603,1
39616,1
39618,1
39620,1
39636,2
39638,2
39650,1
39651,1
39654,1
39671,1
39677,1
39680,1
39682,1
39685,1
39686,1
39688,1
39695,1
39696,1
39708,1
39728,1
39730,1
39733,1
39736,1
39743,1
39749,1
39759,1
39764,1
39771,1
39783,1
39785,2
39788,1
39791,1
39795,1
39797,1
39812,1
39818,1
39827,2
39831,1
39834,1
39855,1
39859,1
39860,1
39870,1
39876,1
39879,1
39889,1
39895,3
39898,1
39899,1
39900,1
39904,1
39910,1
39918,2
39927,1
39930,1
39944,1
39956,1
39969,2
39970,2
39973,1
39984,1
39998,2
40004,1
40008,1
40015,1
40016,1
40018,1
40021,1
40024,1
40032,1
40038,1
40051,1
40055,1
40057,1
40060,1
40068,1
40079,1
40081,1
40090,1
40102,1
40106,2
40108,1
40111,1
40134,1
40137,1
40138,1
40161,1
40163,1
40165,1
40167,1
40170,2
40171,1
40172,1
40177,1
40182,2
40184,1
40186,1
40192,1
40194,1
40216,1
40219,1
40226,1
40245,1
40260,1
40267,1
40270,1
40275,1
40277,1
40293,1
40296,1
40315,1
40324,1
40328,1
40331,1
40332,1
40340,1
40342,1
40344,1
40357,1
40358,1
40360,1
40374,1
40377,1
40379,1
40390,1
40403,1
40410,1
40415,1
40427,1
40438,1
40439,1
40448,2
40449,1
40453,1
40457,1
40459,1
40471,2
40472,1
40473,1
40474,1
40480,1
40493,1
40495,1
40499,1
40511,1
40513,1
40520,1
40524,1
40527,1
40541,1
40544,1
40557,1
40564,1
40565,1
40567,1
40584,1
40592,1
40596,1
40599,1
40606,1
40612,1
40614,1
40616,1
40624,1
40635,1
40649,1
40654,1
40655,1
40658,1
40659,1
40662,1
40666,1
40688,2
40691,1
40694,1
40697,1
40699,1
40701,1
40704,1
40718,1
40722,1
40725,1
40729,1
40730,1
40731,1
40740,1
40748,1
40750,1
40753,1
40756,1
40760,1
40762,1
40767,1
40770,1
40773,2
40780,1
40784,2
40786,1
40787,1
40789,1
40792,1
40794,1
40800,2
40808,1
40812,1
40816,1
40846,1
40847,1
40848,1
40849,1
40854,1
40862,1
40869,1
40872,1
40880,1
40885,1
40892,1
40894,1
40895,1
40900,1
40906,1
40909,1
40916,1
40918,1
40925,1
40931,1
40933,1
40934,1
40935,1
40937,1
40940,1
40941,1
40947,1
40949,1
40954,1
40956,1
40962,1
40967,1
40970,1
40986,1
40988,1
40994,1
40999,1
41012,2
41024,2
41060,1
41062,1
41064,1
41065,1
41069,1
41070,1
41078,1
41087,1
41095,1
41096,1
41103,1
41108,1
41109,1
41115,1
41116,1
41119,1
41124,1
41126,1
41131,1
41136,2
41142,1
41149,1
41155,1
41165,1
41167,2
41169,1
41174,1
41176,1
41177,1
41181,1
41184,1
41185,1
41189,1
41195,1
41200,1
41201,1
41211,1
41216,2
41217,1
41220,1
41224,1
41229,1
41232,1
41243,1
41245,2
41268,2
41270,2
41272,1
41274,1
41280,1
41281,1
41284,3
41288,1
41289,1
41291,1
41304,2
41305,1
41310,1
41316,1
41317,1
41331,1
41333,1
41334,2
41336,1
41338,1
41346,1
41357,1
41362,1
41368,1
41369,1
41370,2
41373,1
41377,1
41378,1
41381,1
41386,1
41399,1
41402,1
41408,1
41410,1
41413,1
41414,1
41416,1
41425,1
41431,1
41434,1
41442,1
41456,1
41474,1
41480,2
41485,1
41489,1
41496,1
41502,1
41506,1
41515,1
41526,1
41527,1
41533,1
41550,1
41558,1
41563,1
41567,1
41583,1
41588,1
41589,1
41591,1
41593,1
41595,1
41598,1
41605,1
41610,1
41616,1
41626,2
41634,1
41637,1
41638,1
41647,1
41650,1
41662,1
41669,1
41672,1
41687,1
41689,1
41702,1
41705,1
41706,1
41707,1
41708,1
41711,1
41712,2
41722,1
41726,3
41728,1
41732,1
41739,1
41745,1
41748,1
41754,1
41755,2
41756,2
41761,1
41763,1
41772,1
41790,1
41792,1
41796,1
41797,1
41801,1
41811,2
41819,1
41825,1
41829,1
41835,1
41845,1
41847,2
41850,1
41852,1
41857,1
41862,1
41869,1
41882,1
41883,1
41892,1
41904,1
41906,1
41911,1
41914,1
41920,1
41924,1
41926,2
41931,1
41932,1
41933,2
41940,1
41952,1
41953,2
41968,1
41975,1
41981,1
41988,1
41992,1
41995,1
42000,1
42006,2
42014,1
42031,1
42034,1
42038,1
42039,1
42044,1
42045,1
42047,1
42050,1
42063,1
42069,2
42079,1
42080,1
42085,1
42089,1
42090,1
42093,1
42095,1
42096,1
42099,2
42107,1
42108,2
42114,1
42120,1
42123,2
42125,1
42126,1
42128,1
42130,1
42134,1
42135,1
42138,1
42147,1
42149,1
42156,1
42158,1
42167,1
42174,1
42178,1
42185,2
42189,1
42190,1
42196,2
42208,1
42209,1
42213,1
42222,1
42235,1
42238,1
42244,1
42245,1
42253,1
42255,1
42258,1
42260,1
42262,1
42263,1
42267,1
42268,1
42272,1
42278,1
42286,1
42287,1
42289,1
42290,1
42301,1
42303,1
42304,1
42306,1
42314,1
42325,1
42339,1
42340,1
42349,1
42355,1
42359,1
42367,1
42368,1
42374,1
42376,1
42377,1
42378,1
42390,2
42393,1
42402,1
42411,1
42417,1
42422,1
42424,1
42425,1
42433,1
42437,1
42440,1
42461,1
42462,1
42465,1
42467,1
42478,1
42486,1
42493,1
42499,1
42500,1
42512,1
42514,1
42519,1
42522,1
42524,1
42538,1
42542,1
42544,1
42545,1
42556,1
42560,1
42567,1
42571,1
42572,1
42588,1
42597,1
42601,1
42605,1
42606,1
42609,2
42620,2
42629,1
42639,2
42645,1
42659,1
42661,1
42669,1
42682,1
42689,1
42699,1
42704,1
42706,1
42713,1
42715,2
42723,1
42736,1
42737,1
42739,1
42740,1
42742,1
42744,1
42760,1
42761,1
42771,1
42780,1
42798,2
42799,1
42811,1
42830,1
42834,1
42842,1
42847,2
42851,1
42852,1
42853,1
42857,1
42859,2
42863,1
42865,1
42898,1
42907,1
42916,1
42929,1
42935,1
42947,2
42958,1
42959,1
42973,1
42980,1
42982,1
43006,1
43008,1
43014,1
43023,1
43026,1
43028,1
43038,1
43042,1
43062,1
43064,1
43065,1
43070,1
43077,1
43079,1
43082,1
43084,1
43086,1
43091,1
43093,1
43100,1
43104,1
43105,1
43135,1
43139,2
43153,1
43156,1
43161,1
43166,1
43170,1
43178,1
43180,1
43183,1
43186,1
43190,1
43193,1
43194,1
43197,1
43202,1
43206,1
43208,1
43209,1
43215,1
43216,1
43217,1
43219,1
43224,1
43226,1
43229,1
43233,1
43235,1
43238,1
43243,1
43248,1
43253,1
43268,1
43270,1
43271,1
43274,1
43275,1
43283,2
43293,1
43295,2
43296,1
43309,1
43311,1
43323,1
43326,1
43327,1
43335,1
43341,1
43343,1
43345,1
43348,2
43357,1
43358,1
43366,1
43368,1
43370,2
43372,1
43373,1
43374,1
43393,1
43394,1
43395,1
43407,1
43411,1
43412,2
43416,1
43423,1
43424,1
43429,1
43435,2
43438,2
43447,1
43449,1
43454,1
43455,1
43459,1
43465,1
43466,2
43470,1
43478,1
43491,1
43505,1
43510,1
43513,1
43542,2
43543,1
43545,1
43550,1
43555,1
43556,1
43568,1
43583,1
43586,1
43589,1
43595,1
43599,1
43606,1
43609,1
43632,2
43637,1
43642,1
43643,1
43644,1
43645,1
43654,2
43655,1
43657,1
43663,1
43670,1
43674,1
43684,1
43689,1
43692,1
43694,1
43697,1
43705,1
43708,1
43711,1
43715,1
43718,1
43719,1
43723,1
43724,1
43727,1
43728,1
43729,1
43733,1
43735,1
43742,1
43746,1
43747,1
43749,1
43761,1
43763,1
43764,1
43776,1
43777,1
43784,1
43789,1
43803,1
43806,1
43807,1
43808,1
43820,1
43822,1
43823,1
43826,1
43828,1
43851,1
43852,1
43860,1
43866,1
43867,1
43880,1
43887,1
43891,1
43897,1
43904,1
43912,1
43917,1
43930,1
43931,1
43934,1
43936,1
43946,1
43957,1
43962,2
43963,1
43966,1
43967,1
43984,1
43985,1
43990,1
43991,1
43993,1
44010,1
44018,1
44022,1
44032,1
44035,1
44046,1
44050,1
44053,1
44056,1
44062,1
44071,1
44072,1
44075,1
44077,1
44081,1
44089,1
44098,1
44102,1
44111,1
44114,1
44118,1
44128,1
44130,1
44131,1
44132,1
44133,1
44136,1
44154,1
44156,1
44184,1
44185,1
44191,1
44192,1
44209,1
44212,1
44213,1
44218,1
44224,1
44231,1
44232,1
44244,1
44247,1
44250,1
44256,1
44259,1
44261,2
44264,1
44268,1
44271,1
44272,1
44280,1
44283,1
44285,1
44288,1
44295,1
44296,1
44316,1
44317,1
44318,1
44319,2
44325,1
44331,1
44338,1
44365,1
44367,1
44368,1
44374,1
44378,1
44382,1
44385,1
44387,1
44391,1
44397,1
44399,2
44411,1
44415,2
44416,1
44417,1
44425,1
44428,1
44437,1
44439,1
44446,1
44452,1
44461,1
44474,1
44476,1
44484,1
44487,1
44489,1
44490,1
44492,1
44501,1
44518,2
44530,1
44536,1
44541,1
44551,1
44553,1
44559,1
44560,1
44563,1
44569,1
44575,1
44578,1
44580,1
44591,2
44593,1
44594,1
44595,1
44608,1
44610,1
44615,1
44623,1
44629,1
44633,1
44637,1
44653,1
44654,1
44660,2
44663,1
44665,1
44686,1
44688,1
44691,1
44694,2
44715,1
44729,2
44733,1
44737,1
44740,1
44746,1
44753,1
44755,1
44756,1
44763,1
44767,1
44769,1
44771,1
44782,1
44799,1
44807,1
44816,1
44819,1
44824,1
44831,1
44839,1
44841,1
44851,1
44861,1
44864,1
44865,1
44876,1
44879,2
44886,1
44889,2
44890,1
44899,1
44907,1
44913,1
44926,1
44938,1
44950,1
44955,1
44962,1
44963,1
44976,1
44988,1
44989,1
44990,1
44991,1
45029,2
45031,1
45033,1
45039,1
45046,1
45048,1
45049,2
45054,1
45060,1
45062,1
45063,1
45065,2
45072,1
45083,1
45092,1
45098,1
45099,1
45103,1
45112,1
45115,1
45116,1
45117,1
45124,1
45129,1
45137,1
45143,1
45147,1
45152,1
45157,1
45168,1
45171,1
45177,1
45178,1
45183,1
45189,1
45203,1
45205,1
45209,1
45213,1
45214,1
45230,2
45240,1
45251,2
45255,1
45256,1
45264,1
45275,2
45276,1
45282,1
45284,1
45285,1
45287,1
45291,1
45294,1
45296,1
45299,1
45300,1
45302,1
45308,1
45314,1
45317,1
45323,1
45325,1
45331,2
45332,1
45347,1
45348,1
45350,1
45359,1
45360,1
45365,1
45373,1
45377,1
45392,1
45410,1
45411,1
45417,1
45418,3
45422,1
45437,1
45443,1
45445,1
45448,1
45449,1
45450,1
45451,1
45459,1
45487,2
45499,2
45506,1
45524,1
45530,2
45541,1
45543,2
45547,1
45552,1
45558,1
45560,1
45562,1
45565,3
45566,1
45568,1
45569,1
45572,1
45576,1
45587,1
45591,1
45593,1
45598,1
45600,1
45601,1
45612,1
45617,1
45624,1
45625,1
45636,1
45638,1
45639,1
45640,2
45643,1
45648,2
45659,1
45660,1
45664,1
45665,1
45667,1
45675,1
45679,1
45683,1
45689,1
45694,1
45700,1
45702,1
45703,1
45708,1
45709,1
45721,1
45722,2
45723,2
45729,1
45756,1
45771,1
45776,1
45778,1
45779,1
45787,1
45793,1
45798,1
45801,1
45815,1
45816,1
45821,1
45832,1
45834,1
45844,1
45851,1
45854,1
45856,1
45864,1
45867,2
45872,1
45881,1
45883,1
45886,1
45908,2
45912,1
45914,1
45917,1
45938,1
45939,1
45942,2
45947,1
45970,2
45973,1
45978,1
45988,1
45993,1
46003,1
46010,1
46015,1
46019,1
46022,1
46026,1
46034,1
46043,1
46051,1
46062,1
46065,1
46067,1
46069,1
46083,1
46089,1
46096,1
46097,1
46110,1
46111,1
46112,2
46119,1
46124,1
46126,1
46127,1
46129,1
46134,1
46135,1
46139,1
46153,1
46154,1
46159,1
46165,1
46183,1
46190,1
46197,1
46198,1
46199,2
46208,1
46220,1
46223,1
46224,1
46228,1
46232,1
46244,1
46248,1
46255,1
46256,1
46263,1
46284,1
46289,1
46291,1
46293,1
46299,1
46306,1
46308,1
46314,1
46315,1
46322,1
46325,2
46329,1
46331,1
46337,1
46350,1
46355,2
46367,1
46375,1
46381,1
46389,1
46395,1
46397,1
46401,1
46407,2
46408,1
46411,2
46422,1
46424,1
46428,1
46431,1
46432,1
46441,1
46442,1
46452,1
46457,1
46458,2
46459,1
46466,1
46467,1
46473,1
46476,1
46478,1
46487,1
46496,1
46501,2
46504,1
46506,1
46509,1
46512,1
46513,1
46515,1
46521,1
46525,1
46526,1
46542,1
46543,2
46546,1
46547,1
46551,1
46554,1
46557,1
46560,1
46563,1
46577,1
46579,1
46582,1
46584,1
46595,1
46597,1
46604,1
46605,2
46608,1
46610,1
46621,2
46625,1
46626,1
46634,1
46635,1
46647,1
46656,1
46662,1
46663,1
46684,1
46689,1
46691,2
46711,1
46714,1
46722,1
46723,1
46729,1
46734,1
46739,1
46742,1
46747,1
46753,1
46756,1
46778,1
46779,1
46790,1
46794,1
46796,1
46797,1
46798,1
46811,1
46827,1
46833,1
46839,1
46840,1
46841,1
46843,1
46849,1
46851,1
46853,1
46854,1
46861,1
46862,1
46873,1
46876,2
46879,1
46881,1
46895,1
46896,1
46900,1
46902,1
46907,1
46918,1
46927,1
46946,1
46959,1
46962,1
46965,1
46968,1
46971,1
46979,1
46980,1
46990,1
47009,1
47012,1
47018,1
47023,1
47043,1
47057,1
47063,1
47067,1
47073,1
47079,2
47082,1
47093,1
47096,1
47104,1
47109,1
47125,1
47146,1
47149,1
47155,1
47156,1
47157,2
47159,1
47160,1
47165,1
47166,2
47171,1
47180,1
47187,1
47191,2
47199,1
47208,1
47214,2
47221,1
47231,1
47242,1
47243,1
47248,1
47254,1
47257,1
47266,1
47272,1
47277,1
47283,1
47285,1
47289,2
47298,1
47311,1
47322,2
47331,1
47333,2
47341,3
47345,1
47350,2
47359,1
47364,1
47366,1
47371,1
47374,1
47379,1
47388,1
47391,1
47397,1
47403,2
47405,1
47413,1
47422,1
47430,1
47435,1
47438,1
47439,1
47445,1
47449,1
47455,1
47471,1
47474,1
47477,1
47478,1
47481,2
47488,1
47492,1
47505,1
47507,2
47509,1
47510,1
47519,1
47521,2
47522,2
47525,1
47529,1
47546,1
47556,2
47569,1
47572,1
47573,2
47587,1
47591,1
47597,1
47600,2
47601,1
47608,1
47609,1
47611,1
47620,1
47623,1
47624,1
47629,1
47631,1
47646,1
47651,1
47659,1
47664,1
47667,1
47671,1
47673,1
47678,1
47688,1
47696,1
47698,1
47700,1
47702,1
47703,1
47707,1
47708,1
47710,1
47726,1
47738,1
47742,1
47743,1
47744,2
47745,1
47746,1
47748,1
47753,1
47758,1
47759,1
47764,1
47765,1
47778,1
47793,1
47813,1
47814,1
47831,1
47850,1
47863,1
47869,1
47871,1
47890,2
47902,1
47907,2
47915,1
47919,1
47925,1
47926,1
47937,1
47954,1
47960,1
47964,1
47967,1
47976,1
47977,1
47982,1
47986,1
47997,1
47999,1
48008,1
48012,1
48016,1
48027,1
48035,2
48038,1
48039,1
48041,1
48042,1
48043,1
48045,1
48048,2
48053,1
48056,2
48066,1
48074,1
48080,2
48084,1
48088,1
48094,1
48100,1
48104,1
48105,1
48109,1
48112,1
48119,1
48125,1
48131,1
48134,1
48138,1
48141,1
48148,2
48154,1
48155,1
48159,1
48170,1
48171,1
48183,1
48184,1
48190,1
48192,1
48199,1
48209,1
48216,1
48225,1
48229,1
48253,1
48261,1
48263,1
48270,1
48280,2
48281,1
48309,1
48313,1
48316,1
48337,1
48346,1
48350,1
48352,1
48356,1
48357,1
48362,1
48374,1
48386,1
48388,1
48389,1
48394,1
48400,1
48419,1
48420,1
48428,1
48446,1
48447,2
48456,1
48459,1
48477,1
48479,1
48485,1
48490,2
48493,1
48497,1
48498,1
48501,1
48515,1
48516,2
48522,1
48529,2
48536,1
48539,1
48541,1
48543,1
48545,1
48547,1
48548,1
48552,1
48564,1
48571,1
48576,1
48582,1
48586,1
48600,1
48608,1
48618,1
48619,1
48625,1
48626,1
48628,1
48635,1
48636,1
48642,1
48655,1
48663,1
48677,1
48678,1
48681,1
48695,1
48713,1
48721,1
48722,1
48724,1
48727,2
48746,1
48756,1
48760,1
48761,1
48764,1
48778,1
48784,1
48786,1
48792,1
48800,1
48804,1
48805,1
48809,1
48812,1
48817,1
48831,1
48833,1
48834,1
48837,1
48841,1
48843,1
48845,1
48850,1
48870,1
48877,1
48879,1
48882,1
48893,1
48897,1
48902,1
48904,1
48907,1
48911,1
48912,2
48914,1
48921,1
48926,1
48941,1
48942,1
48944,1
48951,1
48954,1
48964,1
48966,1
48971,1
48972,1
48978,1
48984,1
48994,1
48996,1
48999,1
49002,2
49014,1
49026,1
49034,1
49036,1
49039,1
49049,1
49054,1
49064,1
49080,1
49088,2
49089,1
49095,1
49120,1
49126,1
49128,1
49133,1
49135,2
49145,1
49150,1
49151,1
49153,1
49161,1
49165,1
49177,1
49179,1
49213,1
49218,1
49222,1
49224,1
49229,1
49233,1
49235,1
49260,1
49262,1
49264,1
49271,1
49276,1
49280,1
49283,1
49303,1
49309,1
49317,1
49322,1
49325,1
49327,1
49331,1
49334,1
49339,3
49342,1
49354,1
49363,1
49366,1
49377,2
49382,1
49386,1
49387,1
49391,1
49397,1
49399,2
49401,2
49406,1
49413,1
49423,2
49429,1
49434,1
49437,1
49441,2
49445,1
49471,1
49473,1
49485,1
49486,1
49488,1
49494,1
49497,1
49501,1
49503,1
49505,1
49522,1
49537,1
49540,1
49542,1
49544,1
49547,1
49553,1
49564,1
49582,1
49583,1
49592,1
49595,1
49600,1
49606,1
49612,1
49613,1
49616,1
49621,1
49637,2
49638,2
49645,1
49649,1
49661,1
49677,1
49682,1
49686,1
49700,1
49718,1
49721,1
49726,1
49729,1
49733,1
49744,1
49745,1
49768,1
49769,1
49772,2
49781,1
49792,1
49794,1
49795,1
49803,1
49814,1
49818,1
49822,1
49824,1
49828,1
49834,1
49842,1
49847,1
49848,1
49850,1
49871,2
49878,1
49882,1
49884,1
49890,1
49895,1
49910,1
49917,1
49922,2
49925,1
49930,1
49947,2
49949,1
49957,2
49965,1
49971,1
49976,1
49977,1
49980,1
49983,2
49984,1
49987,1
49999,1
50008,1
50012,1
50014,1
50027,1
50028,1
50034,1
50039,1
50045,1
50051,1
50061,1
50065,2
50070,2
50075,1
50079,1
50099,1
50102,1
50104,1
50107,1
50113,1
50120,1
50131,1
50132,1
50136,1
50137,1
50140,1
50141,2
50143,1
50160,1
50162,1
50165,1
50168,1
50178,1
50179,1
50185,1
50208,2
50220,1
50225,1
50232,1
50240,1
50245,1
50255,1
50261,1
50264,1
50268,1
50270,1
50277,1
50278,1
50282,1
50286,1
50287,1
50298,1
50300,1
50306,1
50320,1
50322,2
50325,2
50328,1
50330,1
50339,1
50361,1
50363,1
50372,1
50373,1
50378,1
50382,1
50385,1
50400,1
50406,1
50428,1
50444,1
50468,1
50476,1
50477,1
50478,1
50481,1
50491,1
50498,2
50508,1
50517,1
50521,1
50523,1
50538,2
50541,2
50551,1
50564,1
50580,1
50606,1
50611,1
50614,1
50617,1
50629,1
50630,1
50633,1
50640,2
50642,1
50660,1
50674,1
50676,1
50689,1
50700,2
50708,1
50711,1
50715,1
50727,1
50730,1
50732,1
50733,1
50735,2
50737,2
50757,1
50759,1
50767,1
50771,1
50772,1
50789,1
50792,2
50822,1
50823,3
50831,2
50837,1
50846,1
50855,1
50859,1
50877,1
50883,1
50893,1
50896,2
50899,1
50905,1
50907,2
50913,1
50915,1
50920,1
50922,1
50926,1
50928,1
50938,1
50942,1
50945,1
50947,1
50948,1
50959,1
50965,2
50968,1
50970,1
50986,2
50989,1
50997,1
51020,1
51021,1
51027,1
51031,1
51035,1
51038,1
51046,1
51050,1
51051,1
51052,1
51053,1
51060,1
51073,1
51077,1
51092,1
51096,1
51100,1
51112,2
51117,1
51118,1
51120,1
51134,1
51138,1
51166,1
51170,1
51178,1
51189,1
51190,1
51201,1
51202,1
51203,2
51205,2
51208,1
51221,1
51223,1
51224,1
51228,1
51234,1
51255,1
51262,1
51265,1
51267,1
51280,1
51285,1
51289,1
51290,2
51293,1
51294,1
51295,2
51296,1
51312,2
51313,1
51323,1
51331,1
51341,1
51346,1
51347,1
51349,1
51358,1
51363,1
51369,1
51380,1
51381,1
51388,1
51390,1
51392,1
51395,1
51397,1
51402,1
51407,1
51414,1
51422,1
51424,1
51428,1
51440,1
51456,1
51457,1
51462,1
51468,1
51471,1
51475,1
51490,1
51499,1
51501,1
51506,1
51509,1
51516,2
51520,1
51525,1
51541,1
51561,1
51572,1
51573,1
51581,1
51596,1
51609,2
51614,1
51621,1
51627,1
51639,1
51641,1
51645,1
51657,1
51668,1
51669,1
51671,1
51677,1
51694,1
51696,1
51698,1
51701,1
51703,1
51709,1
51715,2
51725,1
51733,1
51747,1
51750,1
51762,1
51778,1
51788,1
51789,2
51793,1
51802,1
51818,1
51820,1
51821,1
51829,1
51837,1
51840,1
51853,1
51854,1
51859,1
51875,1
51891,1
51899,1
51914,1
51921,1
51923,1
51934,1
51946,1
51947,1
51959,1
51962,2
51963,1
51973,1
52002,1
52004,1
52010,1
52012,1
52016,1
52019,1
52021,1
52024,1
52027,1
52029,1
52033,1
52045,3
52050,1
52056,1
52059,1
52062,2
52063,1
52066,1
52068,1
52070,1
52076,1
52080,2
52083,1
52101,1
52106,1
52107,1
52120,1
52122,1
52126,1
52128,1
52129,1
52136,1
52148,1
52151,1
52158,1
52159,1
52179,1
52184,1
52187,2
52194,1
52198,1
52201,1
52229,1
52232,1
52236,2
52238,1
52244,1
52249,1
52255,1
52269,1
52270,2
52273,1
52279,2
52280,1
52286,1
52292,1
52301,1
52308,1
52311,1
52312,1
52318,1
52320,1
52324,1
52327,1
52361,1
52363,1
52370,2
52387,1
52388,2
52392,1
52401,1
52414,1
52417,1
52419,1
52422,1
52427,1
52431,1
52432,1
52440,1
52446,1
52452,1
52457,1
52460,1
52467,1
52470,1
52473,1
52476,1
52494,1
52496,1
52504,1
52505,1
52507,1
52509,1
52515,1
52525,1
52526,2
52527,1
52528,1
52529,1
52531,1
52536,1
52540,1
52547,1
52556,1
52568,1
52573,1
52574,1
52580,2
52589,1
52597,1
52612,2
52614,2
52623,1
52628,1
52633,1
52643,1
52647,3
52655,1
52669,1
52673,1
52674,1
52675,1
52683,1
52689,1
52691,1
52694,1
52702,1
52703,1
52704,1
52707,2
52722,1
52740,1
52752,1
52756,2
52758,1
52762,1
52770,1
52783,2
52786,1
52787,2
52790,1
52793,1
52802,1
52813,1
52817,2
52818,1
52828,1
52830,1
52842,1
52847,1
52848,1
52854,1
52864,1
52874,1
52878,1
52887,1
52888,1
52891,1
52892,1
52896,1
52910,2
52925,1
52933,1
52937,1
52947,1
52957,1
52963,1
52969,1
52976,1
52988,1
52995,1
52998,1
53002,1
53022,1
53023,1
53033,1
53038,1
53039,1
53041,1
53055,2
53078,1
53086,1
53088,1
53097,1
53109,1
53111,1
53114,1
53123,1
53152,1
53165,1
53167,1
53174,1
53184,1
53186,1
53196,1
53202,1
53220,2
53225,1
53229,2
53230,1
53232,1
53236,2
53241,1
53250,1
53257,1
53267,1
53281,1
53292,1
53294,1
53298,1
53307,1
53313,1
53325,2
53336,1
53339,1
53344,1
53348,1
53349,1
53352,1
53358,1
53370,1
53372,1
53375,1
53386,1
53387,1
53394,1
53396,1
53401,1
53406,1
53437,1
53452,1
53458,1
53460,1
53479,1
53485,1
53487,1
53488,1
53494,1
53507,1
53513,1
53514,1
53527,1
53542,1
53543,1
53551,1
53561,1
53563,1
53570,1
53581,1
53585,1
53591,1
53594,1
53605,1
53611,1
53625,1
53640,1
53642,1
53649,1
53653,1
53654,1
53659,1
53663,1
53683,1
53684,1
53702,1
53705,1
53706,1
53722,1
53724,1
53725,1
53732,2
53739,1
53741,1
53744,1
53746,1
53748,1
53749,2
53771,1
53776,1
53781,1
53782,1
53793,1
53795,1
53803,1
53812,1
53814,1
53816,1
53817,1
53818,1
53842,1
53867,1
53875,1
53881,1
53890,1
53900,1
53913,1
53930,1
53938,2
53945,1
53946,1
53947,1
53950,1
53957,1
53958,1
53972,1
53975,1
53976,1
53979,1
53980,1
53983,2
53987,1
53999,1
54003,1
54007,1
54008,1
54009,1
54010,1
54025,3
54034,1
54038,1
54042,1
54045,1
54055,1
54059,1
54064,1
54067,1
54069,1
54071,1
54091,1
54101,1
54104,1
54108,2
54110,2
54114,1
54117,1
54120,1
54126,1
54133,1
54140,1
54143,1
54150,1
54159,1
54168,1
54187,1
54188,1
54191,1
54193,1
54234,2
54246,1
54251,1
54258,1
54271,1
54287,1
54313,1
54314,1
54325,1
54336,1
54350,1
54354,1
54365,1
54377,1
54382,1
54399,2
54411,1
54420,1
54421,2
54441,1
54457,1
54462,1
54463,1
54468,1
54471,1
54476,1
54482,1
54483,1
54493,1
54501,1
54507,1
54512,1
54513,1
54516,1
54523,1
54527,1
54528,1
54560,1
54568,1
54575,1
54590,2
54591,1
54599,1
54603,1
54622,1
54634,2
54636,1
54648,1
54652,1
54656,1
54668,1
54669,1
54670,1
54688,2
54692,1
54694,1
54699,1
54702,1
54708,1
54709,1
54716,1
54734,1
54745,1
54757,1
54763,1
54778,1
54783,1
54787,1
54789,1
54791,1
54816,1
54829,1
54832,1
54841,1
54856,1
54859,1
54862,1
54864,1
54866,1
54886,1
54887,1
54910,1
54924,1
54926,1
54932,1
54938,1
54949,1
54951,1
54958,1
54973,1
54988,1
55011,1
55026,1
55028,1
55045,1
55048,1
55051,1
55066,1
55074,1
55078,1
55079,1
55083,1
55098,1
55101,1
55115,1
55123,1
55126,1
55136,1
55148,1
55173,2
55185,2
55193,1
55212,1
55214,1
55215,1
55216,1
55224,1
55226,1
55227,1
55249,1
55252,1
55283,1
55303,1
55305,1
55307,1
55319,1
55320,1
55323,1
55330,1
55331,1
55338,1
55344,1
55345,1
55365,1
55389,1
55401,1
55408,1
55414,1
55417,1
55419,1
55422,1
55423,1
55427,1
55429,1
55435,1
55440,1
55471,1
55477,1
55479,1
55482,1
55487,1
55522,1
55529,1
55530,1
55533,1
55544,1
55548,2
55550,1
55551,1
55556,1
55566,1
55580,1
55587,3
55591,1
55592,1
55596,1
55604,1
55607,1
55608,1
55614,1
55615,1
55617,1
55648,1
55658,1
55659,1
55665,1
55677,1
55682,1
55703,1
55706,1
55712,1
55725,1
55729,1
55730,1
55762,1
55765,1
55771,1
55787,1
55791,1
55793,1
55804,1
55808,1
55812,1
55818,1
55822,1
55833,1
55838,1
55839,1
55858,1
55862,1
55868,1
55869,1
55870,1
55875,1
55883,2
55890,1
55906,1
55907,1
55908,1
55915,1
55916,1
55924,1
55937,1
55941,1
55963,1
55965,1
55971,1
55973,1
55992,1
55993,1
56001,1
56016,1
56020,1
56021,1
56030,1
56063,1
56071,1
56085,1
56087,1
56090,1
56091,1
56095,1
56119,1
56131,1
56133,1
56136,2
56150,2
56154,1
56158,1
56166,1
56167,1
56168,1
56177,1
56184,1
56186,1
56192,1
56197,1
56212,1
56214,1
56215,1
56222,1
56223,1
56230,1
56232,1
56235,2
56240,1
56246,1
56261,1
56265,1
56266,1
56274,1
56275,1
56278,1
56282,1
56296,1
56299,2
56300,1
56301,1
56303,1
56306,1
56315,1
56333,1
56337,1
56362,1
56365,1
56372,1
56388,2
56390,1
56404,1
56405,1
56409,1
56414,1
56432,1
56441,1
56442,1
56446,1
56448,1
56450,1
56460,1
56469,1
56491,1
56498,1
56507,1
56515,1
56526,2
56528,1
56533,1
56540,1
56544,1
56549,1
56559,1
56575,1
56578,1
56582,1
56584,1
56585,2
56597,1
56600,1
56602,2
56625,1
56629,1
56634,1
56654,1
56660,1
56662,1
56663,1
56666,1
56668,1
56670,1
56687,1
56692,1
56705,1
56707,1
56711,2
56716,1
56720,1
56723,1
56729,1
56735,1
56739,1
56749,1
56750,2
56759,1
56765,2
56776,1
56784,1
56797,1
56800,1
56844,1
56845,2
56876,1
56888,1
56890,1
56891,2
56894,1
56902,1
56905,1
56914,1
56917,1
56926,1
56930,1
56933,1
56934,1
56938,1
56946,1
56952,1
56966,2
56969,1
56972,1
56973,2
56997,1
57005,1
57012,1
57014,1
57019,1
57031,1
57036,1
57047,1
57057,1
57063,1
57068,1
57075,1
57080,1
57095,1
57097,1
57099,1
57105,1
57113,1
57119,2
57145,1
57160,1
57168,1
57174,1
57175,1
57180,1
57182,1
57184,1
57189,1
57194,1
57198,1
57205,1
57210,1
57215,1
57218,1
57221,1
57227,1
57231,1
57237,1
57243,1
57249,1
57256,1
57277,1
57291,1
57304,1
57309,1
57312,1
57315,1
57316,1
57317,1
57321,1
57329,1
57345,1
57349,1
57350,1
57353,1
57357,1
57374,1
57375,1
57378,1
57388,1
57395,1
57401,1
57404,1
57405,1
57424,1
57425,1
57426,1
57440,1
57443,1
57450,1
57461,1
57466,1
57471,1
57472,1
57484,1
57505,1
57506,1
57507,1
57516,1
57518,1
57521,2
57523,1
57524,1
57530,2
57532,1
57537,1
57549,1
57550,1
57553,1
57555,1
57560,1
57563,1
57591,1
57596,1
57597,1
57603,1
57604,2
57606,1
57608,1
57621,1
57624,1
57631,1
57643,1
57647,1
57653,2
57655,1
57657,1
57661,1
57687,1
57689,1
57692,1
57695,1
57706,1
57708,1
57722,2
57738,1
57745,1
57760,1
57765,1
57767,2
57769,1
57773,1
57782,1
57790,1
57796,1
57797,1
57798,1
57801,1
57802,1
57807,1
57814,2
57820,1
57821,1
57823,1
57828,1
57829,1
57830,1
57833,1
57834,1
57838,1
57841,1
57851,1
57852,1
57854,1
57856,1
57866,1
57872,1
57877,1
57878,3
57883,1
57886,1
57904,1
57912,1
57920,1
57922,1
57923,2
57924,1
57925,1
57930,1
57941,1
57943,1
57945,1
57949,1
57953,1
57956,1
57957,1
57961,1
57967,1
57970,1
57973,1
57977,1
57981,1
57983,1
57987,2
57989,1
57992,1
57994,1
58000,1
58008,1
58010,1
58019,1
58027,1
58034,1
58035,1
58036,1
58037,1
58044,1
58063,2
58065,1
58069,1
58075,1
58078,1
58083,1
58087,1
58089,1
58090,1
58091,1
58093,1
58095,1
58104,1
58107,2
58111,1
58114,1
58115,1
58117,1
58118,1
58120,1
58121,1
58126,1
58127,1
58137,1
58142,1
58144,1
58152,1
58155,1
58158,1
58167,1
58182,1
58184,1
58185,1
58187,1
58190,1
58191,1
58193,1
58201,1
58220,1
58222,1
58225,1
58229,1
58234,1
58236,1
58245,1
58248,1
58256,1
58258,1
58261,1
58264,1
58265,1
58269,2
58271,1
58276,1
58290,1
58291,1
58292,1
58297,1
58302,1
58306,1
58309,1
58315,1
58318,1
58319,2
58327,1
58331,1
58336,1
58337,1
58338,1
58344,1
58345,1
58350,1
58352,1
58353,1
58362,1
58366,1
58374,1
58376,1
58378,1
58380,1
58381,1
58384,2
58385,1
58395,1
58411,1
58422,2
58427,1
58433,1
58437,1
58449,1
58450,1
58460,1
58461,1
58465,1
58474,1
58480,1
58481,1
58482,1
58488,3
58489,1
58492,1
58497,1
58498,1
58499,1
58501,3
58504,1
58505,1
58506,1
58509,1
58516,1
58518,1
58527,1
58529,1
58531,1
58538,1
58541,1
58544,1
58546,1
58547,1
58557,1
58560,1
58562,1
58570,1
58571,1
58573,1
58588,1
58594,1
58597,1
58598,2
58609,1
58610,1
58614,1
58617,1
58627,1
58629,1
58631,1
58634,1
58647,1
58648,1
58649,1
58654,1
58668,2
58669,2
58670,1
58672,1
58675,1
58676,1
58678,1
58685,1
58693,1
58697,1
58705,1
58706,2
58709,1
58718,1
58722,1
58730,1
58735,1
58743,1
58744,1
58745,1
58750,1
58755,1
58763,1
58767,2
58788,1
58792,1
58793,2
58805,1
58811,2
58812,1
58821,1
58822,1
58824,1
58826,2
58829,1
58830,1
58841,1
58844,1
58848,1
58849,1
58854,1
58863,1
58865,1
58866,1
58870,1
58883,1
58885,1
58887,1
58891,1
58892,1
58893,1
58895,1
58899,1
58901,1
58904,1
58906,1
58907,1
58917,1
58918,1
58919,1
58926,2
58938,1
58939,1
58940,1
58947,1
58948,1
58958,1
58960,3
58964,1
58967,1
58974,1
58977,1
58986,1
58987,1
58991,2
59001,2
59004,1
59007,1
59008,1
59016,1
59017,1
59018,1
59021,1
59027,1
59037,1
59039,1
59048,1
59049,1
59058,1
59059,1
59066,1
59068,1
59073,1
59074,1
59078,1
59080,1
59084,1
59085,1
59101,2
59103,1
59109,1
59110,1
59111,1
59116,1
59118,1
59123,2
59126,1
59137,1
59143,1
59146,1
59148,1
59150,1
59158,1
59164,2
59165,1
59178,1
59179,1
59187,2
59189,1
59190,1
59191,1
59192,1
59194,1
59196,1
59197,1
59200,2
59202,1
59206,2
59215,1
59218,1
59219,1
59220,1
59221,1
59222,1
59223,1
59226,1
59237,1
59243,1
59250,1
59252,1
59256,1
59257,4
59258,2
59274,1
59279,1
59283,1
59285,1
59286,1
59287,1
59292,1
59295,1
59311,1
59317,1
59319,1
59322,1
59330,1
59336,1
59347,1
59350,2
59351,2
59352,1
59357,1
59363,1
59364,1
59365,1
59367,3
59368,1
59370,1
59373,1
59380,2
59384,1
59388,1
59389,1
59391,1
59394,2
59398,1
59399,2
59402,2
59404,2
59406,1
59415,1
59417,1
59418,1
59420,1
59422,1
59424,1
59427,1
59431,1
59439,1
59440,1
59441,1
59448,1
59467,1
59469,1
59470,1
59472,1
59473,1
59474,1
59482,1
59487,1
59489,1
59495,1
59502,1
59505,1
59509,1
59517,1
59519,1
59523,1
59524,1
59537,1
59540,1
59542,1
59544,1
59553,1
59555,1
59564,1
59573,2
59584,2
59588,1
59590,1
59593,1
59598,1
59619,1
59620,2
59622,1
59626,1
59627,2
59628,1
59630,1
59634,1
59636,1
59638,1
59639,1
59642,1
59645,1
59647,1
59650,2
59655,1
59656,1
59657,2
59664,1
59670,1
59671,1
59675,2
59683,1
59687,2
59688,1
59690,2
59696,1
59697,1
59700,1
59704,1
59707,1
59717,1
59721,2
59725,1
59726,1
59727,1
59730,1
59732,2
59736,1
59741,1
59745,1
59748,2
59750,1
59753,1
59757,1
59769,1
59773,1
59774,1
59780,1
59783,1
59784,1
59786,1
59787,1
59790,1
59792,1
59796,1
59808,1
59812,3
59814,1
59817,2
59819,3
59826,1
59833,1
59839,1
59842,2
59844,1
59846,2
59852,1
59855,1
59864,1
59866,1
59868,1
59874,1
59883,1
59884,1
59890,1
59894,1
59897,1
59900,1
59902,2
59908,1
59910,1
59911,1
59913,1
59915,1
59919,1
59929,1
59937,1
59938,1
59947,1
59950,3
59951,1
59955,1
59956,1
59967,2
59969,1
59971,2
59973,1
59978,1
59979,1
59983,1
59987,1
59990,1
59993,1
59995,1
59998,1
60000,1
60002,1
60003,1
60005,2
60006,1
60007,1
60015,1
60018,1
60022,1
60027,2
60028,1
60030,2
60036,1
60039,1
60045,2
60051,2
60059,2
60075,1
60079,2
60080,2
60081,1
60083,1
60084,1
60087,1
60089,1
60091,1
60093,1
60099,1
60102,1
60109,1
60110,1
60114,1
60118,1
60121,1
60122,1
60127,1
60128,1
60137,2
60142,1
60144,1
60147,1
60148,1
60152,1
60154,1
60155,1
60156,1
60160,1
60162,1
60164,2
60165,1
60168,1
60171,1
60172,2
60176,1
60180,1
60183,1
60186,1
60192,2
60195,1
60198,1
60202,2
60205,2
60206,1
60208,1
60209,1
60210,2
60213,1
60220,2
60222,1
60223,1
60226,1
60227,1
60228,1
60231,2
60239,1
60244,1
60247,1
60248,1
60249,1
60251,1
60252,1
60253,1
60256,1
60257,1
60258,2
60259,2
60261,1
60262,1
60263,1
60265,1
60267,2
60272,1
60273,1
60274,2
60275,1
60277,1
60278,1
60282,3
60283,1
60284,3
60292,2
60298,1
60300,1
60308,1
60309,1
60310,3
60314,1
60315,1
60318,1
60319,1
60325,1
60330,2
60331,1
60336,1
60339,1
60342,1
60345,1
60347,1
60350,1
60355,1
60356,1
60358,1
60370,1
60372,1
60378,1
60388,1
60389,1
60391,1
60393,2
60394,1
60395,1
60398,1
60399,1
60400,2
60402,1
60408,1
60416,2
60419,1
60421,1
60423,1
60426,1
60428,1
60434,1
60435,1
60436,2
60437,1
60438,1
60439,1
60441,1
60444,1
60449,1
60450,1
60459,1
60460,1
60462,1
60463,1
60464,1
60465,1
60474,2
60475,1
60476,1
60478,1
60479,1
60482,1
60484,1
60487,1
60493,1
60494,1
60501,1
60502,1
60506,1
60508,1
60513,1
60514,3
60515,1
60517,1
60521,1
60526,1
60527,1
60529,1
60532,1
60533,1
60535,1
60536,1
60539,2
60541,2
60545,1
60549,1
60551,1
60554,1
60562,1
60565,1
60571,1
60572,1
60573,1
60574,1
60576,1
60577,1
60579,1
60583,1
60588,1
60590,2
60591,1
60592,1
60596,1
60601,1
60605,1
60608,1
60612,1
60613,2
60615,1
60620,1
60627,1
60633,1
60635,1
60636,2
60642,1
60643,1
60648,1
60650,3
60653,1
60654,3
60655,1
60663,1
60665,1
60668,1
60671,1
60675,2
60676,1
60684,1
60686,1
60689,1
60694,2
60697,1
60700,1
60701,1
60702,1
60705,2
60706,1
60714,2
60722,1
60725,2
60726,1
60729,1
60732,1
60734,1
60737,1
60739,1
60741,1
60746,1
60758,1
60762,1
60765,1
60766,1
60778,1
60779,2
60781,1
60782,1
60784,1
60788,2
60790,1
60792,1
60793,1
60794,1
60795,1
60799,1
60802,1
60808,2
60809,1
60813,1
60815,1
60818,1
60821,1
60823,1
60824,1
60826,1
60827,1
60828,2
60830,1
60831,1
60832,2
60836,1
60837,1
60838,1
60839,1
60843,1
60850,1
60852,1
60853,1
60854,1
60857,2
60858,1
60861,1
60869,1
60870,1
60871,1
60875,1
60877,1
60878,1
60884,1
60888,1
60891,1
60893,1
60898,1
60904,2
60905,1
60906,2
60907,1
60909,1
60914,1
60916,1
60922,1
60924,1
60926,1
60927,1
60928,1
60931,1
60932,2
60937,1
60938,1
60939,1
60940,1
60942,1
60945,2
60952,1
60954,1
60959,1
60960,1
60962,1
60971,1
60972,1
60975,1
60979,1
60982,1
60983,1
60987,1
60991,1
60992,1
60993,1
60995,1
60999,1
61001,1
61003,2
61006,1
61007,1
61010,1
61011,1
61012,1
61015,1
61017,2
61018,2
61026,2
61029,2
61034,1
61036,2
61039,1
61041,1
61042,1
61044,1
61046,2
61053,1
61054,1
61055,1
61056,1
61060,1
61062,1
61063,2
61065,1
61069,1
61074,1
61078,1
61079,1
61083,3
61090,2
61091,2
61093,1
61094,1
61097,1
61100,1
61101,1
61106,1
61108,2
61109,1
61111,1
61112,1
61119,1
61121,2
61124,1
61126,1
61129,1
61131,2
61132,1
61133,1
61142,1
61144,1
61145,1
61148,1
61152,1
61156,1
61159,1
61160,1
61162,2
61164,1
61166,1
61168,1
61169,2
61170,1
61176,1
61178,1
61179,1
61181,2
61182,2
61187,1
61188,1
61193,1
61199,2
61209,1
61211,1
61218,1
61220,1
61221,1
61225,1
61230,1
61232,1
61235,2
61240,1
61242,2
61243,1
61244,1
61247,1
61249,1
61252,1
61253,1
61257,1
61259,1
61263,1
61268,1
61272,1
61274,1
61275,2
61276,1
61277,2
61278,1
61280,1
61286,1
61287,1
61289,2
61291,1
61292,1
61302,2
61303,1
61306,1
61308,1
61310,2
61312,1
61315,1
61317,2
61323,1
61325,1
61327,1
61328,1
61329,2
61331,1
61332,2
61339,1
61340,1
61344,1
61346,1
61347,1
61349,1
61356,1
61357,1
61358,2
61359,1
61361,1
61362,1
61363,1
61364,1
61366,1
61368,1
61376,1
61378,1
61380,1
61381,1
61383,1
61384,1
61387,1
61392,2
61393,2
61397,1
61404,1
61405,1
61418,1
61424,2
61427,1
61428,1
61431,2
61433,2
61434,1
61435,1
61436,2
61445,1
61448,1
61449,2
61451,1
61453,1
61458,1
61460,2
61462,1
61463,1
61464,1
61467,1
61469,1
61470,1
61472,2
61473,1
61474,1
61477,1
61478,1
61482,1
61483,1
61488,1
61490,1
61494,1
61495,1
61496,1
61497,2
61500,1
61503,1
61504,1
61507,1
61512,1
61523,1
61524,1
61525,1
61527,1
61528,2
61529,1
61534,1
61535,1
61540,1
61542,1
61543,2
61545,1
61546,2
61552,1
61555,1
61558,1
61559,1
61560,1
61561,2
61564,3
61565,1
61568,1
61570,1
61571,1
61572,1
61573,1
61574,1
61575,1
61576,1
61577,1
61579,1
61582,2
61584,2
61589,1
61593,1
61596,1
61597,1
61598,1
61601,1
61602,1
61608,1
61614,1
61616,1
61618,1
61623,1
61626,1
61627,2
61631,1
61633,1
61634,2
61635,2
61636,1
61637,1
61640,1
61642,1
61643,1
61650,1
61658,1
61663,1
61665,2
61667,1
61668,1
61670,1
61672,1
61674,2
61675,1
61678,1
61680,1
61681,1
61684,2
61689,1
61691,1
61698,1
61706,1
61708,1
61710,1
61711,1
61713,2
61714,1
61725,1
61728,1
61731,2
61737,1
61740,1
61744,1
61749,2
61752,1
61754,3
61758,1
61761,2
61763,1
61766,1
61768,1
61769,1
61770,1
61772,2
61774,1
61779,1
61783,1
61789,1
61795,1
61796,1
61798,2
61807,1
61809,2
61810,1
61813,1
61816,1
61821,2
61823,1
61824,3
61827,1
61840,1
61854,1
61859,1
61861,1
61862,1
61863,2
61867,1
61870,1
61873,1
61874,1
61876,1
61884,1
61888,1
61891,2
61892,1
61896,1
61899,1
61903,1
61904,1
61910,1
61915,1
61918,1
61923,1
61926,1
61927,1
61929,1
61930,2
61933,1
61938,2
61942,1
61944,1
61949,1
61951,1
61952,1
61960,3
61965,2
61966,1
61970,1
61971,1
61975,2
61980,1
61986,3
61990,1
61997,1
61998,1
62000,1
62001,1
62002,1
62015,1
62022,1
62023,1
62024,1
62028,1
62030,1
62031,1
62033,1
62034,1
62037,1
62039,1
62045,1
62046,2
62051,1
62057,2
62058,1
62061,1
62062,1
62064,1
62066,1
62068,1
62069,2
62070,1
62071,1
62074,2
62076,2
62077,1
62080,1
62081,2
62087,1
62088,1
62092,1
62096,1
62099,1
62100,1
62102,1
62103,1
62105,1
62106,1
62107,1
62109,1
62112,1
62115,1
62120,1
62121,1
62124,2
62126,2
62127,1
62129,1
62131,2
62134,1
62139,1
62149,1
62151,2
62152,1
62153,4
62159,1
62160,1
62164,1
62167,1
62169,1
62171,1
62177,1
62178,1
62181,3
62184,1
62188,1
62190,1
62192,2
62193,1
62194,1
62197,1
62198,2
62200,1
62203,1
62205,1
62206,1
62207,1
62208,1
62209,2
62217,1
62219,1
62220,1
62223,1
62226,1
62227,2
62228,1
62230,1
62234,1
62235,1
62236,1
62240,1
62243,1
62247,1
62249,1
62250,3
62251,1
62252,1
62261,1
62262,1
62263,1
62264,2
62265,1
62269,1
62272,1
62275,1
62278,3
62280,1
62281,1
62283,1
62286,1
62287,1
62291,1
62293,1
62294,1
62295,2
62297,3
62298,2
62299,2
62301,1
62304,1
62305,1
62308,1
62310,1
62313,1
62316,1
62320,1
62321,1
62322,2
62323,2
62324,1
62327,1
62328,2
62330,1
62331,1
62333,1
62336,1
62338,1
62339,2
62340,1
62341,1
62343,1
62346,1
62347,1
62348,1
62354,1
62356,1
62363,2
62370,1
62372,2
62373,1
62374,4
62377,2
62380,1
62381,1
62383,2
62388,2
62393,2
62396,1
62399,1
62403,1
62404,1
62405,1
62408,2
62411,1
62413,1
62414,1
62419,1
62420,1
62429,2
62437,2
62439,1
62442,2
62444,1
62448,1
62450,1
62451,1
62454,1
62456,1
62459,1
62462,1
62463,1
62465,1
62469,1
62473,1
62475,1
62477,2
62478,1
62479,1
62480,1
62482,1
62484,1
62488,2
62492,2
62494,1
62495,1
62496,1
62500,1
62507,2
62513,1
62514,2
62521,1
62522,1
62524,1
62525,1
62530,1
62534,1
62536,1
62538,1
62540,2
62541,1
62543,1
62548,1
62549,1
62550,2
62551,1
62559,1
62560,2
62564,1
62565,1
62566,1
62567,1
62569,1
62571,1
62573,1
62574,2
62575,1
62576,1
62577,1
62579,1
62581,3
62584,1
62587,3
62588,1
62591,2
62592,2
62593,1
62594,1
62595,1
62597,2
62602,1
62603,1
62606,1
62608,1
62609,1
62610,1
62615,1
62616,1
62617,1
62619,1
62621,1
62624,1
62630,1
62635,1
62638,1
62640,1
62659,1
62665,1
62667,1
62675,1
62677,1
62681,2
62682,1
62685,1
62687,2
62688,1
62691,1
62692,1
62693,1
62694,2
62701,1
62702,1
62704,1
62705,1
62713,2
62714,2
62720,1
62725,3
62728,1
62729,1
62731,1
62734,1
62735,1
62736,1
62737,1
62740,1
62744,1
62745,1
62750,1
62751,2
62753,1
62754,1
62758,2
62762,1
62763,1
62764,1
62768,1
62773,1
62774,1
62775,2
62776,2
62777,1
62779,1
62780,1
62781,1
62787,1
62789,1
62790,2
62802,1
62803,1
62806,1
62811,2
62816,1
62817,2
62819,2
62823,1
62826,2
62830,1
62833,1
62837,2
62839,1
62841,2
62843,1
62845,2
62850,1
62852,1
62854,1
62856,1
62857,3
62861,2
62864,1
62865,1
62866,2
62867,1
62869,1
62872,1
62877,1
62879,1
62882,1
62884,1
62887,1
62897,2
62904,2
62905,1
62906,1
62910,1
62911,1
62913,1
62914,2
62918,2
62919,1
62930,1
62933,1
62940,1
62941,1
62943,1
62944,1
62947,1
62949,1
62954,2
62960,1
62962,1
62966,1
62969,1
62971,2
62978,2
62980,1
62982,1
62984,1
62986,2
62988,1
62989,1
62992,1
62997,1
62998,2
63001,1
63005,1
63008,1
63011,1
63012,1
63013,1
63018,1
63022,1
63023,3
63025,1
63026,1
63031,2
63033,1
63034,1
63036,1
63037,1
63038,2
63039,1
63041,1
63043,2
63045,1
63047,2
63050,1
63052,1
63053,1
63057,1
63058,1
63059,1
63063,1
63065,1
63066,1
63070,1
63073,1
63074,1
63075,1
63076,2
63082,1
63083,2
63087,1
63088,1
63092,1
63093,1
63098,2
63105,1
63106,1
63108,1
63109,1
63110,1
63111,1
63115,1
63122,1
63125,2
63127,2
63128,1
63129,2
63130,1
63132,4
63133,1
63139,1
63142,2
63143,1
63147,1
63149,1
63150,1
63151,1
63153,1
63158,1
63161,1
63163,1
63164,1
63169,1
63172,2
63177,1
63178,2
63180,1
63181,1
63185,1
63187,1
63190,1
63194,2
63199,1
63204,2
63207,1
63209,1
63210,1
63211,1
63214,1
63215,1
63220,1
63221,1
63222,1
63223,1
63224,1
63226,1
63229,1
63234,2
63235,1
63237,1
63240,1
63244,1
63246,1
63247,1
63260,1
63261,1
63264,1
63271,1
63272,1
63273,1
63274,1
63275,1
63277,1
63279,2
63281,2
63282,1
63283,1
63284,1
63285,1
63286,1
63289,2
63290,2
63292,1
63298,1
63300,1
63302,1
63304,1
63305,1
63307,1
63309,1
63310,3
63312,1
63314,1
63315,2
63316,1
63318,1
63320,1
63322,1
63324,1
63326,1
63327,1
63330,1
63331,1
63334,2
63336,2
63339,1
63342,2
63343,1
63345,1
63350,1
63353,2
63362,1
63368,2
63371,1
63381,1
63382,3
63385,2
63387,2
63389,3
63390,1
63391,1
63397,1
63402,1
63403,2
63406,1
63412,3
63414,2
63416,1
63420,1
63424,1
63425,1
63427,1
63429,4
63437,1
63439,1
63441,1
63442,1
63444,2
63445,1
63447,1
63449,1
63450,1
63453,1
63455,1
63456,2
63458,1
63459,1
63461,1
63466,1
63468,1
63470,1
63471,1
63472,2
63473,1
63474,1
63475,1
63479,1
63481,2
63488,1
63490,1
63493,1
63496,1
63501,1
63503,2
63504,2
63505,1
63509,2
63513,2
63514,2
63518,2
63519,2
63522,1
63525,2
63530,1
63535,1
63536,1
63537,1
63541,1
63543,2
63544,2
63546,2
63547,1
63551,2
63552,1
63555,1
63557,3
63558,1
63561,1
63563,2
63564,1
63565,1
63566,1
63568,1
63569,1
63571,1
63572,2
63574,1
63575,1
63576,1
63577,2
63579,1
63580,1
63583,1
63587,1
63593,2
63594,1
63596,1
63597,1
63599,1
63600,1
63601,1
63602,2
63604,1
63606,3
63607,1
63610,1
63611,1
63616,1
63617,2
63618,1
63619,1
63623,1
63626,1
63628,1
63629,1
63631,2
63632,1
63633,1
63640,1
63641,1
63645,1
63646,1
63649,1
63652,1
63654,1
63656,1
63658,2
63662,1
63664,1
63669,2
63673,2
63674,1
63678,1
63679,1
63685,1
63686,2
63691,1
63692,1
63693,1
63694,1
63695,1
63696,1
63701,1
63702,1
63704,1
63706,1
63710,1
63712,1
63713,2
63717,1
63722,1
63723,2
63728,1
63733,2
63737,2
63739,1
63740,1
63744,1
63747,1
63753,1
63754,1
63755,1
63756,1
63758,1
63761,1
63763,2
63765,2
63769,1
63772,2
63775,1
63776,1
63777,1
63781,1
63783,4
63788,2
63790,2
63792,3
63793,1
63795,1
63800,1
63802,1
63803,1
63807,1
63808,1
63815,1
63820,1
63822,1
63823,2
63824,1
63838,1
63842,1
63844,1
63845,1
63846,2
63848,1
63853,1
63859,1
63863,1
63864,2
63866,1
63868,1
63870,2
63872,1
63879,2
63883,1
63884,1
63889,2
63890,1
63892,1
63893,1
63895,2
63896,1
63899,1
63901,1
63904,2
63906,1
63909,1
63912,1
63914,2
63916,2
63920,1
63924,1
63926,1
63927,2
63932,1
63933,2
63934,1
63939,1
63944,1
63945,3
63949,1
63952,2
63954,1
63955,1
63958,2
63964,1
63966,1
63971,1
63972,3
63974,2
63975,1
63980,1
63981,1
63983,2
63985,1
63989,2
63990,1
63992,1
63994,3
63999,1
64000,1
64009,3
64010,1
64020,1
64024,1
64025,1
64027,3
64028,1
64031,2
64032,1
64041,1
64042,1
64045,2
64047,2
64050,1
64053,1
64058,2
64062,1
64063,1
64068,1
64069,1
64071,2
64073,1
64074,1
64077,1
64078,2
64079,1
64081,1
64082,1
64084,1
64089,1
64090,1
64093,1
64095,2
64098,1
64099,1
64101,1
64102,1
64106,1
64109,1
64115,2
64116,1
64117,1
64119,2
64122,1
64127,1
64130,1
64132,1
64134,1
64139,1
64140,1
64144,1
64146,1
64149,1
64160,1
64166,1
64167,1
64169,1
64170,2
64172,1
64173,1
64176,2
64177,1
64180,1
64181,1
64184,1
64186,1
64187,2
64188,2
64194,1
64200,1
64201,1
64203,1
64204,1
64205,1
64212,1
64213,1
64214,1
64215,1
64219,3
64221,1
64222,2
64230,1
64231,2
64232,1
64235,1
64237,2
64243,1
64246,2
64248,1
64251,1
64259,2
64262,1
64265,1
64266,1
64267,1
64271,2
64275,1
64276,3
64277,1
64278,1
64282,2
64283,1
64284,1
64285,1
64287,1
64288,2
64289,1
64290,1
64291,1
64292,1
64294,1
64298,1
64299,2
64301,1
64303,1
64304,1
64308,1
64309,1
64312,2
64314,4
64316,1
64318,3
64319,2
64320,1
64322,2
64323,1
64324,2
64329,2
64330,2
64334,1
64338,1
64341,1
64346,1
64349,2
64353,1
64355,2
64357,1
64358,1
64360,1
64361,1
64363,2
64364,1
64368,1
64371,2
64374,1
64375,1
64378,2
64379,1
64383,2
64385,3
64390,1
64397,1
64399,2
64400,1
64403,1
64406,2
64409,2
64411,1
64414,1
64417,2
64418,1
64419,1
64421,4
64424,1
64425,1
64429,2
64435,1
64442,3
64445,1
64447,1
64448,1
64450,2
64454,1
64456,1
64458,1
64459,2
64461,2
64463,1
64464,1
64465,1
64470,1
64471,1
64472,3
64477,1
64478,1
64482,3
64483,2
64486,1
64487,2
64488,1
64489,1
64491,2
64494,1
64496,1
64498,1
64501,1
64505,2
64506,1
64507,1
64509,2
64513,2
64518,1
64521,2
64525,1
64526,1
64528,2
64530,1
64536,1
64537,1
64540,2
64541,1
64544,1
64545,1
64548,1
64551,1
64553,1
64556,2
64557,1
64558,1
64561,1
64565,2
64566,1
64567,1
64573,2
64576,1
64577,1
64578,1
64579,2
64580,1
64588,1
64589,1
64590,1
64591,1
64594,1
64595,2
64598,1
64605,1
64608,1
64609,1
64613,1
64615,1
64616,1
64617,1
64618,1
64619,1
64620,1
64622,1
64625,1
64626,2
64627,1
64629,1
64633,1
64634,1
64636,1
64637,2
64638,1
64639,1
64641,1
64643,1
64645,1
64648,1
64652,1
64653,1
64658,2
64664,1
64665,3
64667,1
64670,1
64671,1
64672,2
64673,1
64677,1
64689,2
64695,1
64696,2
64697,2
64700,1
64701,1
64702,1
64703,1
64704,3
64706,1
64707,1
64710,1
64711,1
64714,1
64721,1
64727,1
64729,2
64730,2
64734,3
64737,1
64741,1
64746,1
64747,1
64750,1
64752,2
64754,2
64755,1
64757,2
64758,1
64765,1
64770,1
64771,1
64775,2
64776,1
64777,2
64778,2
64779,3
64785,2
64788,1
64789,1
64790,1
64791,1
64792,1
64793,1
64794,1
64798,1
64799,2
64800,1
64804,1
64806,2
64808,1
64812,1
64813,2
64815,2
64816,1
64818,1
64819,2
64821,2
64823,1
64824,1
64825,2
64826,2
64827,1
64828,1
64832,1
64834,1
64836,1
64840,1
64841,1
64844,1
64847,1
64852,2
64854,2
64858,1
64861,1
64864,1
64867,2
64869,1
64873,1
64874,1
64886,2
64891,1
64892,1
64895,1
64896,1
64897,1
64902,2
64903,1
64908,2
64911,1
64912,2
64915,1
64917,1
64921,1
64922,2
64926,1
64927,1
64929,1
64930,1
64931,2
64932,2
64933,1
64934,2
64944,2
64949,2
64952,1
64959,3
64961,1
64962,2
64966,2
64969,1
64970,1
64972,1
64975,1
64976,1
64982,1
64983,2
64984,1
64985,1
64986,1
64987,1
64989,2
64992,1
64997,1
64999,1
65000,1
65007,1
65008,2
65009,3
65013,2
65014,1
65019,1
65020,1
65021,1
65025,1
65028,1
65029,2
65034,1
65036,1
65038,2
65039,1
65040,1
65042,2
65044,1
65048,1
65054,1
65055,2
65056,1
65061,2
65072,1
65073,1
65075,1
65076,1
65077,1
65079,1
65083,1
65084,1
65086,1
65088,1
65089,1
65091,1
65092,2
65094,1
65095,1
65096,1
65097,1
65098,1
65099,1
65102,2
65103,1
65104,1
65106,1
65109,1
65115,1
65116,1
65118,1
65121,2
65122,1
65125,2
65127,1
65130,3
65135,1
65140,2
65141,1
65145,1
65149,1
65150,1
65152,2
65155,2
65158,2
65159,1
65160,1
65163,1
65168,1
65169,2
65170,1
65181,1
65182,1
65183,1
65185,1
65189,1
65194,1
65196,1
65197,3
65201,1
65203,1
65207,1
65210,1
65212,1
65214,3
65215,1
65216,1
65217,1
65220,3
65223,1
65225,1
65226,1
65228,1
65231,1
65234,1
65235,1
65236,1
65237,1
65238,1
65240,1
65242,3
65244,2
65246,2
65253,1
65255,1
65257,1
65259,4
65261,1
65262,1
65264,1
65266,1
65270,1
65272,1
65273,1
65275,3
65278,2
65279,1
65281,1
65282,1
65283,1
65285,1
65286,1
65287,2
65288,1
65289,1
65299,1
65302,1
65304,1
65305,1
65309,1
65313,1
65315,1
65323,1
65324,1
65326,1
65329,2
65333,1
65334,1
65336,1
65337,1
65338,1
65342,1
65343,1
65345,1
65346,1
65348,2
65355,1
65357,1
65362,1
65364,1
65365,1
65366,1
65367,1
65368,2
65371,1
65372,1
65373,1
65374,1
65381,1
65382,1
65384,2
65392,1
65393,1
65395,1
65397,1
65398,1
65399,1
65402,1
65403,1
65404,1
65405,3
65406,2
65407,1
65411,1
65412,2
65413,1
65414,1
65418,1
65420,1
65422,2
65424,3
65426,2
65427,1
65428,1
65431,2
65433,1
65434,1
65437,1
65444,1
65445,1
65448,2
65452,1
65454,1
65456,1
65459,1
65460,1
65467,2
65468,1
65472,1
65473,1
65474,1
65475,1
65476,1
65478,2
65480,2
65482,2
65484,1
65487,1
65488,1
65491,1
65492,3
65497,2
65498,1
65499,1
65501,2
65505,2
65510,1
65513,1
65514,1
65519,1
65521,1
65524,1
65525,1
65527,1
65532,1
65533,1
65535,1
65536,1
65541,1
65543,2
65545,1
65549,1
65551,1
65553,1
65554,1
65556,1
65558,1
65561,1
65565,1
65566,1
65568,1
65571,2
65572,1
65576,1
65578,3
65579,1
65582,1
65586,1
65588,1
65589,1
65591,1
65594,1
65595,1
65596,1
65600,1
65601,1
65608,3
65611,1
65613,1
65615,1
65617,2
65618,1
65619,2
65621,1
65623,1
65627,2
65630,1
65632,1
65636,1
65637,1
65638,1
65640,1
65641,2
65642,2
65643,2
65644,1
65645,1
65646,1
65651,2
65653,1
65656,1
65658,1
65659,1
65660,1
65666,1
65669,1
65670,2
65674,1
65675,2
65678,1
65680,1
65681,1
65683,1
65684,1
65685,1
65689,3
65690,1
65691,1
65693,1
65694,1
65696,1
65698,1
65699,1
65700,1
65701,1
65702,1
65704,2
65706,2
65707,2
65709,1
65711,1
65712,1
65714,1
65715,1
65716,1
65717,1
65718,2
65721,1
65722,1
65723,1
65728,1
65736,1
65739,1
65740,1
65743,1
65745,1
65747,1
65749,2
65750,2
65756,1
65763,1
65764,1
65765,3
65766,1
65768,1
65770,1
65771,3
65772,2
65773,1
65774,1
65780,1
65783,1
65786,2
65787,1
65790,1
65791,1
65797,1
65798,1
65799,2
65800,1
65805,2
65809,1
65812,1
65813,2
65816,1
65817,1
65819,1
65820,1
65821,3
65822,2
65823,2
65828,1
65829,1
65832,1
65833,1
65840,1
65841,1
65842,2
65844,1
65845,3
65852,1
65854,1
65858,2
65859,1
65862,1
65863,2
65864,1
65865,1
65872,1
65874,1
65877,1
65878,1
65880,1
65881,1
65883,2
65884,1
65885,1
65889,1
65892,1
65893,2
65894,1
65897,1
65900,1
65901,1
65903,2
65904,1
65905,1
65907,1
65909,3
65910,1
65911,1
65912,1
65913,2
65915,1
65918,1
65919,2
65924,1
65925,1
65926,1
65928,1
65929,1
65931,1
65935,1
65936,1
65943,1
65946,1
65947,2
65950,1
65951,1
65952,3
65959,3
65961,1
65962,1
65963,2
65965,1
65974,1
65975,1
65976,1
65979,2
65980,1
65983,2
65986,1
65987,1
65989,2
65993,1
65994,1
65996,1
65997,2
65998,1
65999,2
66001,2
66003,3
66004,1
66007,1
66010,1
66011,1
66012,1
66016,2
66021,1
66024,2
66027,1
66030,1
66033,3
66037,1
66038,1
66039,1
66040,1
66044,2
66048,2
66051,1
66053,1
66054,1
66055,1
66057,1
66058,1
66059,2
66060,1
66061,2
66062,1
66064,1
66065,1
66068,1
66069,1
66070,1
66072,2
66074,1
66077,1
66078,1
66079,1
66080,2
66081,2
66083,1
66084,2
66086,1
66087,2
66088,2
66089,1
66091,1
66092,1
66094,1
66096,1
66097,2
66100,1
66102,2
66105,1
66107,1
66108,2
66109,1
66110,1
66112,1
66113,1
66114,1
66115,1
66116,1
66118,1
66121,1
66124,2
66126,1
66128,1
66132,1
66133,1
66134,1
66137,2
66140,1
66141,1
66142,1
66147,1
66149,2
66157,1
66158,1
66160,1
66165,3
66166,1
66167,1
66174,3
66176,2
66180,1
66182,1
66184,1
66186,2
66188,2
66189,1
66193,1
66194,1
66197,1
66199,1
66200,1
66202,1
66203,1
66204,1
66205,1
66208,1
66209,1
66210,2
66211,2
66213,2
66214,1
66216,1
66217,3
66219,1
66220,1
66224,1
66229,1
66230,2
66231,1
66232,1
66233,1
66235,3
66236,1
66240,1
66245,1
66246,2
66249,1
66250,2
66251,1
66253,1
66254,1
66257,1
66259,1
66260,1
66265,1
66269,1
66270,1
66272,3
66274,1
66275,2
66278,1
66279,1
66280,1
66287,1
66290,2
66291,1
66293,1
66294,1
66297,1
66298,1
66299,1
66303,1
66304,1
66306,1
66307,2
66311,1
66313,1
66315,1
66316,1
66318,1
66320,1
66321,1
66324,2
66325,1
66327,1
66331,1
66332,1
66339,2
66340,1
66344,1
66346,2
66347,1
66349,2
66350,1
66353,2
66355,1
66356,1
66358,1
66359,1
66360,2
66361,2
66363,1
66369,1
66371,1
66375,1
66379,2
66380,1
66381,1
66383,1
66388,1
66389,1
66393,1
66397,1
66398,1
66400,1
66407,2
66412,1
66415,2
66418,1
66420,2
66422,1
66424,2
66439,1
66443,2
66444,2
66445,1
66447,2
66450,2
66451,1
66453,1
66459,1
66460,1
66462,1
66463,1
66465,1
66469,1
66470,2
66472,1
66474,1
66475,1
66476,1
66479,1
66480,1
66483,1
66488,2
66489,1
66490,1
66491,1
66492,1
66497,3
66500,1
66501,2
66505,1
66507,1
66508,1
66509,1
66511,1
66515,1
66516,1
66517,1
66519,1
66523,1
66524,1
66525,1
66526,2
66527,1
66528,1
66529,3
66532,1
66533,1
66534,1
66538,1
66549,1
66554,1
66557,2
66558,2
66561,1
66564,1
66567,1
66569,1
66570,1
66571,2
66572,1
66574,1
66577,1
66580,1
66582,1
66583,1
66588,2
66590,1
66591,1
66593,2
66595,1
66596,1
66597,1
66599,1
66600,2
66602,1
66603,3
66607,2
66614,3
66618,1
66619,1
66621,1
66622,1
66624,1
66625,1
66626,1
66630,2
66639,2
66640,2
66642,2
66643,2
66645,1
66648,4
66649,1
66652,2
66654,3
66655,1
66657,2
66658,1
66663,1
66665,1
66666,1
66667,1
66668,1
66670,2
66671,2
66672,1
66673,1
66681,1
66683,2
66684,1
66686,1
66687,1
66688,1
66691,1
66692,2
66694,1
66696,1
66697,1
66698,1
66699,1
66706,1
66709,1
66710,1
66711,1
66717,1
66721,1
66725,1
66726,1
66727,2
66729,1
66731,1
66734,2
66735,1
66736,2
66737,1
66738,2
66739,1
66740,1
66741,1
66742,1
66744,1
66746,1
66753,2
66760,1
66762,1
66764,1
66765,1
66768,1
66771,2
66772,2
66776,1
66777,1
66779,1
66781,1
66782,2
66783,2
66784,3
66785,1
66787,1
66790,2
66796,1
66797,1
66798,1
66799,2
66806,1
66807,1
66809,1
66810,1
66811,1
66812,1
66817,1
66818,1
66819,2
66821,2
66824,1
66826,2
66830,1
66832,1
66835,1
66837,1
66838,1
66845,1
66847,1
66848,1
66852,1
66853,3
66855,1
66862,1
66863,2
66864,1
66870,1
66872,1
66873,2
66874,1
66879,2
66882,1
66883,1
66884,1
66885,1
66886,1
66888,1
66892,2
66894,3
66901,1
66902,1
66904,1
66905,1
66906,2
66908,1
66909,2
66913,2
66915,1
66916,1
66923,2
66927,1
66930,1
66934,1
66935,1
66936,2
66937,1
66939,1
66941,1
66944,1
66945,1
66953,1
66954,1
66955,3
66956,4
66957,4
66961,1
66965,1
66968,1
66969,1
66970,2
66975,1
66977,1
66981,2
66982,1
66983,1
66984,1
66985,1
66986,1
66989,1
66992,1
66994,1
66995,1
66997,1
66998,1
66999,2
67003,1
67006,1
67007,1
67008,1
67009,1
67013,1
67017,1
67021,1
67022,1
67023,1
67024,1
67025,1
67028,1
67030,1
67033,1
67035,3
67039,1
67043,1
67044,1
67046,1
67050,1
67052,1
67057,2
67058,1
67059,1
67068,2
67071,1
67072,1
67073,1
67077,1
67079,2
67080,1
67082,1
67084,2
67088,1
67089,1
67091,3
67092,1
67094,1
67095,1
67096,1
67099,3
67103,1
67106,2
67108,1
67109,1
67110,1
67114,1
67115,1
67116,3
67118,1
67119,2
67125,1
67126,1
67127,1
67128,1
67129,1
67130,1
67131,2
67132,1
67135,1
67144,1
67145,2
67147,2
67150,1
67154,1
67157,2
67158,1
67159,1
67163,1
67172,1
67173,1
67176,1
67177,2
67179,1
67180,1
67181,1
67182,1
67194,3
67195,1
67197,1
67199,3
67201,1
67202,1
67203,2
67205,1
67208,1
67211,2
67213,1
67214,1
67215,4
67216,2
67217,1
67220,1
67222,1
67224,2
67225,3
67226,1
67227,1
67230,1
67233,2
67235,1
67236,1
67237,1
67239,1
67240,1
67242,2
67243,1
67245,1
67249,1
67250,1
67253,1
67255,2
67256,2
67258,1
67259,1
67267,1
67270,2
67271,1
67272,1
67276,1
67278,2
67282,2
67283,1
67286,1
67289,1
67290,3
67291,1
67293,1
67294,2
67296,1
67302,2
67303,1
67305,1
67309,1
67312,2
67317,2
67318,2
67320,2
67322,1
67327,1
67328,1
67331,1
67334,1
67335,1
67338,1
67341,2
67344,1
67347,1
67349,1
67350,1
67351,1
67352,1
67354,2
67356,2
67357,1
67360,1
67362,1
67364,1
67367,1
67370,2
67371,1
67378,1
67379,1
67381,1
67382,1
67383,2
67384,1
67385,1
67387,1
67390,1
67394,1
67397,1
67399,2
67403,1
67405,1
67408,1
67409,1
67410,1
67413,1
67416,1
67421,1
67422,1
67426,1
67429,1
67431,2
67435,2
67436,1
67437,1
67439,1
67440,1
67445,2
67448,1
67449,2
67451,1
67456,2
67457,1
67459,1
67461,1
67464,2
67465,1
67466,1
67467,1
67470,1
67473,1
67474,1
67476,1
67479,2
67481,1
67485,1
67489,1
67491,1
67492,1
67494,1
67495,1
67500,2
67504,1
67505,1
67507,1
67508,3
67510,1
67514,1
67515,2
67517,1
67523,1
67524,1
67526,1
67528,1
67529,1
67530,3
67532,1
67533,1
67535,1
67536,1
67537,1
67538,1
67541,2
67543,2
67545,1
67547,1
67549,1
67550,1
67551,1
67553,2
67558,1
67559,1
67562,2
67564,2
67565,1
67566,1
67567,2
67569,3
67573,3
67578,1
67580,3
67581,2
67583,2
67584,1
67586,1
67591,1
67592,1
67594,3
67595,1
67596,1
67603,1
67605,1
67606,1
67611,1
67612,1
67620,1
67621,3
67622,1
67623,3
67624,1
67627,1
67628,1
67629,1
67634,2
67639,1
67640,3
67643,1
67657,1
67658,2
67659,1
67661,2
67662,1
67663,1
67664,1
67666,1
67667,1
67671,1
67672,1
67673,1
67676,1
67677,1
67678,1
67679,1
67680,2
67682,1
67684,2
67686,1
67687,2
67690,1
67691,2
67692,1
67695,3
67696,1
67697,1
67699,1
67701,1
67702,1
67704,1
67707,1
67708,1
67710,1
67713,1
67714,1
67715,1
67717,1
67718,3
67720,2
67722,1
67723,6
67725,1
67726,1
67727,1
67728,2
67729,1
67730,1
67732,1
67734,2
67738,1
67739,2
67741,1
67742,1
67743,1
67744,1
67745,2
67746,1
67747,3
67748,1
67750,2
67753,1
67754,1
67755,1
67760,1
67762,1
67764,1
67765,1
67766,1
67771,1
67772,1
67773,1
67774,2
67775,1
67777,1
67779,1
67780,1
67782,2
67784,1
67786,1
67787,1
67789,2
67790,1
67796,2
67797,2
67799,1
67801,1
67803,1
67804,1
67811,1
67812,1
67816,1
67817,1
67819,2
67820,1
67823,1
67825,1
67829,1
67830,2
67831,1
67832,1
67833,2
67834,1
67836,2
67837,1
67838,2
67840,2
67841,1
67842,1
67845,1
67851,1
67852,1
67861,1
67863,2
67866,2
67870,1
67872,1
67873,1
67875,1
67878,2
67880,1
67882,1
67883,3
67885,1
67886,1
67887,1
67888,1
67892,2
67893,2
67895,1
67898,1
67899,2
67903,3
67906,1
67908,1
67911,1
67912,3
67913,1
67914,1
67915,3
67917,2
67919,1
67923,2
67924,1
67925,1
67927,1
67929,1
67933,1
67936,1
67938,1
67941,2
67943,2
67949,1
67953,3
67956,1
67957,1
67958,1
67959,1
67960,1
67961,1
67963,2
67964,3
67967,1
67968,3
67973,1
67976,1
67980,1
67985,2
67986,1
67987,1
67989,1
67990,2
67991,2
67993,1
67995,2
67996,1
67997,1
67999,1
68002,1
68003,2
68005,1
68006,1
68007,2
68008,1
68011,1
68013,1
68014,1
68015,1
68016,1
68018,1
68019,2
68020,2
68023,1
68029,1
68031,1
68033,1
68035,1
68037,1
68043,1
68047,3
68049,1
68050,1
68051,1
68053,1
68054,1
68055,2
68056,1
68058,1
68059,1
68065,1
68066,1
68068,1
68069,1
68072,3
68073,1
68075,1
68076,1
68079,1
68080,1
68081,1
68086,1
68089,1
68091,1
68092,2
68096,1
68098,2
68099,1
68100,1
68103,2
68104,1
68106,4
68107,1
68108,1
68109,1
68110,1
68112,1
68113,1
68114,3
68117,1
68118,3
68120,1
68121,1
68123,1
68124,1
68128,1
68129,1
68132,1
68134,2
68136,2
68137,4
68140,1
68141,1
68143,1
68145,2
68148,1
68149,1
68151,1
68152,1
68155,1
68161,2
68164,1
68165,1
68170,2
68171,1
68175,1
68179,2
68180,1
68183,1
68184,1
68185,2
68187,2
68188,1
68190,1
68193,2
68194,1
68196,1
68197,1
68201,1
68203,1
68207,1
68210,1
68215,1
68216,1
68218,1
68223,1
68225,1
68229,5
68230,1
68231,2
68232,1
68233,1
68238,2
68239,1
68240,1
68242,1
68243,2
68244,1
68246,1
68249,1
68252,2
68254,1
68255,3
68256,2
68258,1
68260,2
68263,1
68265,1
68266,2
68267,1
68268,1
68269,1
68271,1
68274,1
68275,3
68276,1
68277,1
68280,1
68283,1
68284,2
68285,1
68286,2
68288,1
68289,1
68290,2
68291,1
68293,1
68294,3
68297,1
68298,1
68300,1
68301,2
68303,1
68304,1
68309,1
68310,2
68313,1
68325,2
68326,1
68327,2
68329,1
68331,1
68332,1
68334,2
68338,1
68339,1
68340,1
68343,1
68345,1
68347,1
68350,3
68351,2
68352,1
68357,1
68359,1
68363,2
68364,1
68365,2
68367,1
68369,2
68370,1
68375,2
68377,1
68378,2
68379,1
68382,1
68384,1
68385,1
68386,1
68388,2
68389,1
68391,1
68392,2
68393,1
68394,1
68396,1
68397,2
68399,1
68400,1
68401,1
68405,1
68406,1
68408,1
68411,1
68412,1
68415,1
68417,1
68419,2
68422,1
68424,1
68427,1
68428,1
68430,2
68431,2
68432,1
68433,1
68437,1
68439,1
68442,1
68443,3
68444,1
68445,1
68448,1
68452,2
68454,1
68455,1
68457,1
68458,1
68459,1
68460,1
68462,1
68464,1
68465,2
68472,2
68473,1
68474,1
68477,1
68479,1
68480,1
68481,1
68482,2
68483,1
68484,1
68486,1
68487,2
68488,1
68493,1
68494,1
68495,1
68499,2
68500,3
68502,1
68503,1
68508,2
68511,1
68516,1
68518,1
68519,1
68521,1
68522,1
68523,1
68524,1
68530,1
68531,1
68532,2
68534,1
68535,2
68536,1
68541,2
68543,1
68545,2
68546,1
68547,1
68548,2
68556,1
68557,1
68558,1
68560,1
68561,1
68562,1
68565,1
68570,1
68574,2
68575,1
68576,2
68578,3
68580,1
68583,1
68584,1
68586,1
68587,1
68589,1
68591,1
68593,2
68595,1
68597,1
68598,1
68599,1
68600,1
68602,1
68604,1
68605,1
68608,2
68610,1
68612,2
68614,3
68616,1
68619,1
68620,1
68622,1
68625,3
68626,1
68627,1
68628,1
68629,1
68631,1
68633,1
68634,1
68635,1
68637,1
68639,1
68640,2
68641,1
68642,2
68645,1
68651,3
68652,1
68654,1
68659,2
68661,2
68662,1
68666,2
68667,1
68668,1
68670,1
68671,1
68672,1
68674,2
68675,1
68676,2
68677,1
68679,1
68681,2
68685,1
68692,2
68693,1
68695,1
68699,1
68700,1
68701,1
68703,1
68704,1
68706,1
68707,2
68709,1
68710,1
68714,3
68715,2
68717,1
68718,1
68719,1
68721,1
68722,1
68723,1
68725,2
68727,1
68729,1
68731,1
68734,1
68738,3
68739,1
68741,1
68742,1
68745,1
68746,1
68747,2
68748,2
68750,1
68752,1
68754,1
68755,1
68756,1
68758,1
68765,1
68767,1
68768,1
68770,1
68772,1
68773,1
68774,2
68775,1
68776,2
68777,1
68778,1
68779,2
68782,2
68784,1
68787,2
68789,1
68790,1
68795,3
68796,2
68798,1
68799,2
68806,1
68809,1
68811,1
68817,1
68818,1
68820,1
68822,1
68823,1
68824,1
68825,1
68828,1
68829,1
68830,1
68832,1
68833,3
68834,2
68837,1
68840,2
68841,1
68848,1
68851,1
68852,1
68854,1
68858,4
68860,1
68862,1
68864,1
68867,2
68869,3
68871,2
68872,1
68873,1
68874,1
68875,1
68880,1
68881,1
68886,1
68887,1
68888,1
68893,1
68894,2
68896,3
68897,2
68900,3
68910,4
68911,2
68912,3
68914,2
68918,2
68920,2
68923,1
68924,1
68926,1
68928,2
68929,1
68931,1
68932,1
68933,1
68934,1
68935,1
68938,1
68939,1
68940,1
68943,1
68946,2
68948,1
68949,2
68950,1
68952,1
68956,2
68957,1
68958,1
68959,1
68961,1
68963,4
68971,1
68972,1
68974,2
68977,2
68979,1
68981,1
68982,2
68983,1
68985,2
68986,2
68987,1
68990,2
68994,1
68995,1
68997,1
69001,2
69002,2
69008,4
69009,1
69012,1
69013,1
69014,1
69015,1
69017,1
69020,1
69022,1
69025,1
69026,2
69028,1
69029,5
69030,1
69032,1
69034,1
69035,1
69036,1
69040,2
69041,1
69042,1
69044,1
69047,1
69048,1
69049,2
69051,2
69053,1
69055,1
69056,3
69059,2
69061,1
69064,1
69065,1
69067,1
69068,2
69070,1
69072,1
69076,1
69078,1
69079,1
69080,1
69081,2
69082,1
69083,1
69085,2
69087,1
69088,1
69090,2
69091,2
69094,2
69097,1
69098,1
69102,2
69103,2
69106,1
69110,1
69116,1
69117,1
69118,1
69119,2
69120,2
69123,1
69125,1
69131,1
69136,1
69138,1
69148,1
69149,1
69150,1
69151,1
69153,1
69154,1
69156,2
69158,2
69162,1
69163,1
69164,1
69168,1
69170,1
69171,1
69173,1
69175,2
69177,2
69178,3
69179,2
69182,1
69183,1
69184,1
69186,1
69187,1
69188,1
69189,1
69190,2
69193,1
69196,1
69197,3
69198,2
69200,1
69202,1
69203,1
69204,2
69208,1
69211,2
69212,1
69214,1
69215,2
69227,1
69228,1
69229,1
69230,1
69231,1
69233,1
69235,2
69238,2
69239,1
69240,1
69244,1
69245,1
69246,1
69247,1
69250,1
69252,1
69253,1
69256,1
69257,1
69261,1
69262,1
69265,1
69268,3
69269,3
69270,2
69276,3
69278,2
69279,1
69280,1
69281,1
69282,1
69283,2
69284,1
69285,1
69286,1
69287,1
69290,1
69293,1
69294,2
69295,1
69296,2
69297,1
69298,1
69300,1
69302,1
69303,1
69306,1
69308,2
69311,1
69312,1
69313,1
69317,2
69319,1
69321,1
69329,2
69330,2
69332,1
69334,1
69335,1
69336,1
69337,1
69339,1
69343,1
69346,1
69351,1
69353,1
69356,1
69360,1
69362,1
69364,2
69366,1
69367,2
69370,1
69371,1
69372,1
69374,1
69375,1
69376,1
69377,1
69381,3
69386,1
69390,1
69391,1
69395,1
69405,1
69408,1
69410,1
69411,1
69413,1
69416,1
69419,1
69422,1
69423,1
69424,3
69425,1
69430,1
69432,1
69433,3
69438,1
69441,1
69443,1
69444,1
69446,2
69449,2
69450,1
69451,1
69457,2
69458,3
69459,2
69460,2
69464,1
69466,1
69471,2
69472,1
69473,1
69476,1
69477,2
69479,1
69480,1
69481,1
69482,2
69489,1
69491,1
69493,1
69494,1
69495,2
69497,2
69500,1
69504,1
69505,3
69507,1
69508,1
69514,1
69519,1
69521,1
69522,1
69523,1
69525,1
69526,1
69529,1
69530,1
69531,1
69532,1
69536,1
69537,1
69540,1
69541,1
69542,2
69543,2
69545,1
69546,1
69547,1
69557,1
69561,1
69565,1
69567,1
69569,2
69571,1
69574,1
69577,1
69578,1
69579,1
69580,3
69582,1
69584,1
69586,2
69591,2
69592,1
69593,2
69600,2
69602,1
69605,1
69606,1
69611,1
69614,2
69615,1
69616,1
69617,1
69619,1
69620,1
69621,2
69623,2
69629,1
69632,2
69634,1
69635,1
69637,1
69638,2
69639,2
69642,1
69648,1
69650,1
69651,1
69656,2
69661,1
69662,1
69666,1
69668,2
69670,2
69674,1
69675,1
69679,1
69680,1
69681,1
69683,1
69686,1
69690,1
69691,1
69694,1
69696,2
69697,2
69699,2
69700,1
69703,1
69705,1
69706,1
69707,1
69708,1
69709,1
69710,1
69711,1
69712,2
69716,1
69717,1
69722,1
69723,2
69726,2
69728,1
69730,1
69731,2
69732,1
69734,2
69735,1
69738,1
69739,2
69741,1
69742,1
69751,1
69752,1
69754,1
69755,1
69760,1
69761,1
69763,2
69766,1
69769,1
69770,4
69773,1
69774,2
69775,1
69777,1
69781,1
69784,1
69785,1
69786,2
69788,1
69789,1
69793,1
69794,1
69796,1
69797,1
69798,1
69799,1
69800,1
69803,1
69806,1
69807,1
69808,1
69810,1
69812,2
69814,1
69815,1
69817,1
69818,1
69819,3
69823,1
69826,1
69828,1
69831,1
69833,1
69835,1
69836,1
69838,3
69841,1
69845,2
69847,1
69848,1
69850,2
69852,1
69853,2
69854,1
69857,2
69861,1
69863,1
69864,1
69867,2
69868,1
69869,1
69874,1
69878,1
69881,1
69882,1
69883,1
69886,3
69887,1
69889,1
69891,1
69892,2
69893,1
69894,3
69895,2
69898,1
69899,1
69900,3
69901,2
69903,1
69905,1
69906,1
69910,1
69913,1
69914,1
69915,2
69920,2
69921,1
69924,1
69925,2
69926,2
69927,2
69928,1
69932,1
69936,1
69937,1
69938,1
69940,1
69941,1
69944,1
69946,1
69948,1
69950,1
69952,1
69955,1
69956,1
69958,1
69960,1
69963,1
69964,1
69969,1
69972,1
69975,2
69979,1
69980,1
69984,1
69985,1
69991,2
69992,1
69993,1
69994,2
69998,5
69999,1
70000,1
70001,1
70004,1
70006,1
70007,1
70010,1
70011,2
70014,1
70016,1
70017,1
70018,1
70020,2
70027,2
70028,1
70029,1
70030,1
70031,1
70033,1
70037,1
70038,1
70039,1
70041,1
70046,1
70047,2
70048,1
70049,1
70051,2
70054,2
70057,1
70059,1
70062,3
70063,1
70065,1
70066,1
70070,1
70071,1
70072,1
70073,1
70075,1
70076,3
70078,2
70079,1
70080,1
70081,1
70082,1
70085,1
70086,1
70088,1
70089,1
70091,1
70095,1
70096,1
70105,2
70106,1
70107,2
70109,1
70112,2
70114,3
70115,3
70116,2
70118,1
70121,1
70122,1
70123,1
70125,1
70126,1
70128,2
70135,1
70136,1
70139,3
70143,1
70144,3
70145,1
70148,2
70149,1
70150,1
70152,1
70154,1
70155,1
70162,1
70163,1
70164,1
70166,1
70167,1
70170,2
70171,1
70173,1
70174,2
70175,2
70176,2
70177,3
70178,1
70180,1
70187,1
70198,2
70204,1
70205,1
70206,1
70207,1
70208,1
70209,1
70212,1
70216,1
70219,1
70221,1
70222,2
70223,1
70229,1
70234,1
70242,1
70245,1
70247,1
70249,1
70250,1
70251,1
70253,1
70256,2
70258,1
70259,1
70261,2
70268,1
70272,1
70279,1
70282,1
70284,1
70289,1
70290,1
70291,2
70293,1
70294,1
70296,1
70297,1
70298,2
70299,2
70305,1
70307,2
70310,1
70311,1
70313,2
70314,1
70315,1
70316,1
70318,1
70321,1
70324,1
70327,1
70329,2
70330,1
70332,1
70336,1
70337,1
70340,1
70341,2
70342,1
70344,1
70345,3
70347,1
70350,1
70351,3
70355,2
70361,1
70362,1
70365,1
70368,2
70369,2
70370,1
70373,1
70374,2
70376,1
70379,1
70381,1
70383,1
70385,2
70387,1
70388,1
70390,1
70391,1
70392,1
70393,1
70398,2
70402,1
70404,2
70405,1
70406,1
70408,1
70411,2
70414,1
70416,2
70420,1
70427,1
70428,1
70430,1
70431,1
70433,2
70435,2
70436,1
70442,1
70443,1
70444,1
70448,1
70449,1
70450,2
70451,1
70452,1
70453,1
70458,1
70461,2
70470,1
70473,1
70474,2
70475,1
70477,1
70479,2
70480,4
70483,2
70486,3
70490,1
70491,1
70492,2
70494,1
70496,2
70497,1
70498,1
70504,1
70507,1
70508,1
70511,1
70513,1
70514,1
70515,1
70516,1
70517,1
70519,1
70522,1
70523,1
70524,2
70531,1
70532,2
70533,4
70535,1
70536,1
70537,1
70538,2
70539,1
70540,1
70542,1
70543,1
70546,1
70547,1
70548,1
70552,1
70555,2
70556,1
70558,1
70559,1
70560,1
70563,1
70564,1
70568,1
70572,1
70573,1
70574,1
70575,1
70576,2
70579,1
70581,2
70582,1
70583,1
70586,1
70587,2
70593,2
70594,1
70596,1
70597,1
70599,1
70602,2
70603,3
70604,1
70606,1
70611,4
70612,1
70614,1
70615,1
70616,1
70618,1
70619,3
70620,1
70622,1
70623,1
70626,2
70627,1
70629,1
70634,3
70635,2
70637,2
70638,1
70639,1
70640,3
70646,1
70647,1
70648,2
70650,1
70651,1
70652,1
70656,3
70658,2
70661,1
70662,1
70663,1
70664,2
70667,2
70669,1
70670,1
70677,3
70678,3
70682,1
70686,1
70688,2
70690,1
70696,1
70697,1
70698,1
70699,1
70701,1
70702,1
70703,1
70706,1
70707,1
70708,1
70709,1
70710,1
70711,1
70712,2
70714,1
70715,2
70716,2
70722,2
70723,1
70726,2
70728,2
70731,1
70732,3
70734,1
70737,1
70738,1
70739,1
70740,1
70741,2
70742,1
70743,1
70747,1
70749,1
70751,1
70754,1
70756,1
70758,1
70759,1
70762,1
70763,1
70764,1
70766,1
70770,1
70771,1
70772,2
70776,1
70777,2
70778,1
70779,1
70782,1
70783,1
70788,1
70790,1
70791,1
70793,2
70794,1
70795,1
70799,1
70802,1
70803,1
70804,1
70805,2
70807,1
70810,1
70812,2
70814,1
70818,2
70823,1
70825,1
70827,1
70829,1
70830,2
70831,1
70834,1
70837,3
70841,1
70842,1
70843,2
70845,1
70846,3
70849,1
70850,1
70851,1
70852,1
70853,2
70854,1
70855,1
70859,1
70862,1
70863,1
70870,2
70872,1
70876,1
70879,1
70880,1
70884,1
70887,1
70888,1
70889,1
70891,1
70896,1
70897,1
70901,1
70903,1
70907,2
70909,1
70914,1
70915,3
70916,1
70917,1
70918,1
70919,1
70920,1
70921,1
70922,1
70923,2
70928,2
70929,1
70930,3
70932,2
70934,2
70935,1
70937,2
70939,3
70942,1
70946,1
70951,1
70952,1
70954,3
70955,1
70957,1
70958,2
70960,1
70961,2
70962,2
70969,1
70975,1
70976,2
70978,1
70980,2
70984,1
70986,1
70988,1
70990,1
70993,2
70994,1
70995,1
70998,1
71002,1
71003,1
71011,2
71015,1
71016,2
71018,2
71019,1
71020,1
71023,1
71025,1
71026,1
71027,2
71029,1
71030,2
71031,1
71032,1
71033,1
71035,2
71041,1
71044,2
71046,2
71050,1
71051,1
71053,1
71055,1
71057,1
71059,1
71060,1
71063,1
71065,2
71066,2
71068,1
71069,1
71072,1
71073,1
71078,2
71086,1
71089,1
71091,1
71092,2
71093,1
71094,2
71095,1
71096,1
71097,1
71098,2
71099,1
71100,2
71101,2
71102,1
71107,2
71108,1
71109,1
71110,1
71111,1
71120,1
71125,1
71128,1
71132,1
71135,1
71136,1
71138,1
71139,1
71141,1
71146,2
71147,3
71149,1
71150,1
71153,1
71157,1
71159,2
71162,2
71167,1
71169,1
71170,1
71173,1
71174,2
71175,1
71178,3
71180,2
71181,5
71184,2
71185,2
71186,2
71192,1
71193,1
71195,1
71197,1
71199,4
71200,1
71205,1
71210,1
71219,2
71221,1
71225,1
71226,2
71227,2
71229,1
71231,2
71233,1
71234,3
71235,2
71237,1
71238,3
71239,4
71242,1
71244,1
71246,2
71248,1
71250,2
71252,2
71259,1
71269,3
71270,1
71271,1
71272,1
71273,5
71276,1
71279,2
71281,1
71282,1
71284,1
71285,1
71287,1
71289,1
71290,1
71291,2
71293,1
71294,1
71296,1
71298,1
71299,2
71301,1
71310,1
71311,1
71314,1
71319,1
71320,2
71321,2
71322,2
71323,1
71325,1
71329,3
71331,1
71333,1
71337,2
71338,1
71342,1
71344,1
71345,1
71347,2
71348,1
71349,1
71350,1
71354,1
71356,1
71357,1
71358,1
71359,1
71362,1
71365,1
71366,3
71369,1
71370,2
71371,1
71373,2
71374,1
71376,2
71378,2
71380,1
71382,1
71383,2
71386,1
71387,1
71388,1
71389,1
71397,2
71398,1
71401,1
71402,1
71407,1
71409,1
71410,1
71411,2
71414,3
71416,1
71417,1
71419,2
71420,4
71421,1
71423,2
71424,1
71426,2
71427,1
71430,1
71432,1
71433,1
71434,2
71436,1
71439,2
71440,1
71442,1
71443,2
71444,3
71445,3
71446,2
71447,1
71449,1
71450,1
71451,1
71453,1
71456,1
71457,1
71458,1
71459,2
71460,1
71461,4
71463,2
71464,1
71467,1
71470,1
71473,1
71477,1
71478,1
71479,3
71480,2
71481,2
71485,1
71494,3
71495,2
71496,1
71498,1
71499,1
71501,1
71503,1
71507,2
71510,1
71512,1
71515,1
71516,2
71517,1
71518,1
71520,1
71523,1
71527,1
71531,1
71534,1
71537,1
71538,1
71539,2
71540,1
71541,1
71542,1
71545,1
71547,1
71551,1
71553,1
71554,1
71555,1
71558,1
71567,2
71570,1
71573,2
71575,1
71577,2
71578,1
71583,1
71584,1
71590,2
71592,1
71593,1
71594,1
71595,1
71603,1
71605,1
71607,1
71608,1
71613,1
71614,1
71616,1
71619,1
71620,1
71622,1
71625,1
71633,2
71634,2
71635,1
71637,1
71641,3
71642,1
71644,2
71648,1
71649,1
71651,1
71653,1
71656,1
71657,3
71660,1
71662,1
71663,1
71667,1
71668,2
71669,1
71671,2
71674,2
71680,1
71682,1
71684,1
71685,1
71688,1
71689,1
71692,1
71693,1
71697,1
71698,1
71701,1
71702,1
71703,1
71705,1
71708,1
71709,1
71710,2
71714,2
71719,1
71721,1
71724,1
71725,1
71727,1
71728,1
71730,1
71732,2
71733,2
71735,1
71736,1
71738,2
71739,1
71741,1
71744,1
71745,1
71748,1
71753,1
71754,1
71755,2
71757,1
71759,1
71762,1
71764,1
71766,2
71767,1
71769,1
71770,1
71772,1
71774,1
71776,1
71778,1
71780,1
71781,1
71782,1
71784,1
71785,1
71786,1
71787,1
71791,1
71793,1
71796,1
71797,1
71800,2
71801,1
71807,1
71808,1
71809,1
71810,1
71812,1
71813,2
71818,3
71820,1
71822,1
71826,2
71831,1
71832,2
71834,2
71835,1
71837,1
71838,1
71839,1
71840,1
71842,1
71846,1
71848,1
71850,2
71852,1
71856,1
71857,2
71860,1
71861,2
71863,1
71864,2
71865,2
71866,1
71870,1
71871,1
71872,1
71873,1
71874,2
71878,1
71881,1
71884,1
71885,1
71887,1
71888,1
71893,1
71896,1
71897,1
71903,1
71904,1
71905,1
71907,1
71908,2
71909,1
71910,3
71911,1
71912,1
71913,2
71914,1
71918,1
71919,1
71923,1
71928,2
71931,1
71935,1
71938,1
71939,1
71942,1
71944,1
71945,1
71949,1
71953,2
71957,3
71959,1
71960,1
71961,3
71962,1
71967,1
71968,1
71971,1
71973,1
71974,1
71976,1
71977,1
71981,1
71982,2
71985,1
71986,1
71987,1
71989,1
71993,1
71994,1
71995,1
72001,2
72004,1
72005,1
72010,4
72011,1
72012,1
72014,1
72016,1
72018,1
72025,3
72026,1
72032,1
72033,1
72034,2
72035,1
72037,1
72038,1
72039,1
72040,1
72041,1
72045,2
72049,1
72050,1
72052,1
72053,1
72054,2
72055,1
72057,2
72059,2
72060,1
72062,1
72064,1
72066,1
72067,2
72069,1
72070,2
72071,1
72076,1
72079,1
72083,2
72084,2
72086,1
72088,1
72089,1
72094,1
72095,1
72096,3
72102,1
72104,1
72106,2
72108,1
72109,1
72110,1
72112,1
72117,1
72119,1
72121,2
72124,1
72127,1
72133,1
72135,1
72137,1
72138,2
72139,1
72140,2
72143,1
72145,3
72146,1
72148,1
72149,1
72151,1
72154,1
72155,1
72158,1
72159,1
72160,2
72161,1
72163,1
72166,1
72173,1
72174,1
72175,2
72176,2
72180,2
72181,1
72185,1
72188,1
72189,1
72192,1
72194,1
72197,1
72198,4
72200,1
72201,1
72202,1
72204,1
72207,1
72208,2
72209,1
72211,1
72212,1
72218,1
72219,1
72220,1
72223,1
72225,1
72228,1
72229,1
72231,1
72232,1
72234,1
72236,1
72241,1
72244,1
72245,1
72246,1
72251,2
72254,1
72255,1
72257,1
72259,1
72264,3
72266,2
72268,1
72269,1
72270,1
72272,1
72273,2
72275,1
72277,1
72278,1
72282,2
72283,1
72288,1
72290,1
72293,3
72294,1
72295,2
72296,1
72297,1
72298,1
72300,1
72301,1
72303,1
72306,1
72307,2
72308,1
72309,1
72310,1
72315,1
72318,4
72319,1
72320,1
72321,1
72323,1
72324,2
72325,1
72326,2
72330,3
72336,2
72337,1
72338,1
72339,1
72342,1
72343,1
72344,1
72345,1
72347,2
72348,1
72351,1
72354,2
72355,2
72359,1
72362,1
72364,1
72368,1
72370,1
72374,1
72377,2
72381,1
72385,1
72386,1
72387,2
72388,3
72394,1
72395,1
72399,1
72400,1
72401,1
72402,2
72403,1
72411,1
72413,1
72415,2
72416,2
72417,1
72418,1
72419,3
72420,1
72425,1
72426,1
72429,1
72430,1
72431,1
72433,1
72434,1
72436,1
72442,1
72444,2
72447,1
72450,2
72453,1
72454,1
72455,1
72456,1
72458,2
72460,1
72462,1
72464,2
72470,1
72471,2
72472,1
72473,1
72474,1
72480,2
72481,1
72483,2
72485,2
72486,1
72487,1
72489,1
72490,1
72491,1
72492,2
72496,1
72498,1
72502,3
72503,2
72505,2
72506,2
72510,1
72512,3
72514,1
72517,2
72518,1
72521,2
72523,1
72524,1
72528,1
72529,1
72533,1
72534,1
72536,1
72537,1
72539,1
72540,1
72543,1
72545,1
72547,2
72548,1
72550,2
72551,1
72552,2
72553,1
72554,1
72557,1
72559,1
72560,3
72563,1
72565,1
72566,1
72570,1
72572,2
72573,1
72575,1
72576,2
72577,1
72580,1
72581,1
72585,1
72586,2
72587,1
72590,2
72592,1
72593,1
72594,1
72597,1
72598,1
72602,1
72604,1
72605,1
72606,1
72609,1
72613,1
72614,1
72616,1
72617,1
72619,2
72620,1
72622,1
72625,2
72628,1
72631,2
72634,1
72636,1
72639,1
72642,1
72643,1
72644,2
72646,2
72647,1
72648,1
72652,1
72654,1
72655,1
72659,1
72660,1
72661,3
72668,1
72669,1
72670,4
72671,1
72672,1
72673,1
72674,2
72675,2
72679,1
72680,1
72682,2
72684,1
72689,2
72695,1
72696,2
72697,2
72698,1
72699,1
72702,1
72703,2
72705,2
72709,2
72711,1
72714,1
72720,1
72726,2
72727,1
72734,1
72737,1
72739,1
72740,1
72742,2
72745,1
72747,1
72748,1
72751,1
72754,1
72755,1
72760,1
72764,1
72766,2
72767,1
72770,1
72771,1
72772,1
72773,1
72774,1
72776,1
72778,1
72781,1
72783,2
72784,2
72788,1
72789,1
72791,2
72793,2
72795,3
72802,4
72803,2
72805,1
72806,1
72811,2
72815,2
72816,1
72817,1
72821,1
72826,2
72827,1
72828,1
72834,2
72835,1
72839,1
72842,1
72845,2
72849,1
72854,2
72856,1
72858,1
72862,3
72864,1
72865,1
72866,1
72869,2
72871,1
72872,1
72876,1
72877,1
72880,1
72882,1
72884,1
72885,1
72893,1
72895,1
72896,2
72900,1
72901,1
72904,1
72905,1
72906,2
72908,1
72910,2
72915,1
72916,1
72917,1
72920,1
72921,1
72924,1
72926,1
72927,1
72928,1
72933,2
72935,1
72936,2
72938,1
72939,1
72941,1
72942,2
72943,1
72946,1
72949,2
72951,2
72953,1
72954,1
72955,2
72957,3
72958,1
72959,1
72964,1
72968,1
72970,3
72972,1
72975,1
72976,1
72979,1
72981,1
72983,1
72986,1
72987,1
72988,1
72989,1
72990,1
72991,1
72993,1
72995,1
72996,2
72997,1
72999,1
73001,2
73002,1
73005,2
73007,1
73009,1
73010,1
73013,2
73014,2
73016,1
73017,1
73020,1
73021,1
73022,1
73027,1
73028,2
73029,2
73030,2
73031,1
73033,2
73035,1
73043,2
73044,1
73045,1
73046,2
73047,1
73049,1
73054,1
73056,1
73059,1
73061,1
73062,1
73064,1
73066,1
73069,1
73070,1
73071,2
73072,1
73073,1
73077,1
73079,1
73081,1
73082,1
73086,1
73092,1
73094,2
73095,3
73098,2
73101,1
73102,1
73105,2
73107,1
73108,1
73110,1
73113,2
73118,2
73121,1
73124,1
73128,1
73129,1
73131,1
73133,2
73134,1
73140,1
73144,1
73145,2
73148,1
73153,2
73155,3
73156,1
73157,1
73159,1
73160,1
73161,1
73167,1
73173,2
73174,1
73175,1
73176,1
73177,1
73179,4
73180,1
73181,1
73183,1
73185,1
73187,1
73190,1
73191,2
73192,1
73193,1
73196,1
73197,2
73198,1
73200,1
73201,1
73204,1
73205,2
73210,3
73211,1
73216,2
73217,1
73219,1
73221,2
73228,1
73230,1
73234,1
73235,2
73237,1
73240,1
73243,2
73250,3
73255,1
73256,1
73259,1
73263,1
73264,1
73265,2
73266,2
73269,2
73270,2
73273,1
73275,1
73276,1
73279,1
73280,2
73281,1
73282,2
73286,1
73287,2
73288,1
73289,1
73290,1
73291,1
73292,2
73294,1
73296,1
73297,2
73302,1
73303,1
73305,1
73306,2
73307,1
73309,1
73311,2
73317,1
73318,1
73319,1
73320,1
73321,2
73322,1
73324,1
73325,1
73326,1
73327,2
73330,1
73333,2
73335,2
73337,1
73338,1
73339,1
73341,1
73344,1
73345,1
73346,1
73347,1
73348,1
73349,2
73355,1
73356,1
73357,1
73358,1
73360,1
73361,1
73363,1
73366,3
73367,1
73368,1
73370,1
73372,3
73374,2
73375,1
73378,2
73380,1
73381,2
73382,1
73383,1
73385,1
73389,1
73393,1
73395,1
73399,1
73400,2
73401,1
73402,2
73404,2
73405,1
73406,1
73407,2
73408,1
73409,2
73412,1
73414,2
73416,2
73419,2
73420,1
73424,1
73425,1
73428,1
73430,1
73435,2
73439,1
73440,1
73443,2
73445,1
73447,1
73450,1
73452,1
73454,1
73455,1
73457,2
73458,2
73464,2
73466,1
73467,2
73469,1
73471,1
73476,1
73477,1
73478,1
73480,1
73481,1
73483,1
73484,1
73489,1
73491,1
73493,1
73494,1
73495,2
73496,1
73500,1
73503,2
73505,1
73507,2
73511,1
73514,1
73515,2
73517,2
73520,1
73521,1
73523,1
73524,1
73525,1
73526,1
73529,2
73531,2
73533,1
73535,2
73542,1
73546,4
73547,1
73550,1
73552,1
73554,2
73555,2
73556,1
73557,2
73561,2
73562,1
73564,2
73565,1
73566,1
73568,1
73575,1
73576,1
73578,1
73579,1
73581,1
73583,1
73586,1
73587,1
73594,1
73595,2
73596,1
73597,1
73598,2
73600,1
73601,1
73602,1
73603,1
73605,1
73606,2
73609,2
73611,1
73612,1
73621,1
73623,1
73624,1
73626,2
73629,1
73632,1
73633,1
73634,2
73635,1
73638,1
73646,1
73658,2
73663,1
73666,1
73669,1
73670,2
73672,1
73678,1
73679,1
73680,1
73684,1
73685,1
73686,1
73687,1
73688,1
73689,3
73690,1
73691,1
73692,1
73694,2
73695,2
73700,2
73703,1
73704,3
73706,1
73707,3
73710,1
73712,1
73718,2
73722,1
73723,1
73725,1
73726,4
73728,1
73733,2
73735,1
73736,1
73737,1
73738,4
73739,2
73741,2
73742,1
73745,1
73746,1
73747,1
73749,2
73750,4
73752,1
73756,1
73760,1
73763,1
73767,3
73769,1
73771,2
73775,1
73777,1
73778,1
73782,1
73783,1
73787,1
73788,1
73789,1
73792,2
73794,1
73796,1
73799,1
73800,1
73804,2
73805,1
73806,1
73807,1
73809,1
73811,1
73819,1
73824,1
73826,1
73827,1
73829,1
73830,1
73833,1
73836,2
73839,1
73841,1
73844,1
73846,1
73847,1
73848,1
73849,1
73850,1
73851,1
73858,1
73859,1
73863,1
73865,1
73867,1
73868,1
73878,2
73881,2
73883,2
73884,1
73885,1
73886,1
73889,1
73894,1
73897,1
73898,1
73901,2
73903,1
73904,2
73905,1
73906,1
73912,1
73914,2
73918,1
73919,1
73920,2
73921,1
73924,1
73927,2
73931,1
73935,1
73940,1
73943,1
73947,2
73950,2
73954,2
73957,1
73960,1
73961,1
73962,2
73963,2
73969,1
73971,1
73976,1
73979,3
73985,1
73988,1
73989,2
73992,2
73995,3
73996,1
74000,1
74004,1
74006,2
74008,1
74012,1
74017,1
74021,1
74022,1
74036,1
74038,2
74040,1
74043,1
74044,1
74045,1
74046,1
74048,1
74049,1
74050,1
74055,1
74058,1
74061,1
74063,1
74065,1
74066,1
74068,1
74071,1
74072,1
74074,1
74075,2
74076,3
74078,1
74079,1
74081,1
74082,1
74085,2
74086,2
74087,1
74090,1
74091,1
74094,1
74096,1
74097,1
74100,2
74102,2
74107,1
74108,1
74109,1
74110,1
74112,1
74114,1
74115,1
74117,2
74121,1
74122,1
74123,2
74124,3
74125,1
74128,2
74136,2
74139,2
74142,2
74144,1
74145,1
74146,2
74147,1
74148,1
74149,1
74150,1
74156,1
74158,2
74159,1
74161,2
74165,1
74167,1
74168,1
74169,1
74171,1
74172,1
74174,1
74175,1
74176,1
74177,1
74179,1
74180,3
74181,1
74182,2
74183,1
74185,1
74190,1
74191,1
74193,1
74194,3
74196,1
74202,1
74203,1
74205,1
74207,2
74210,1
74211,2
74212,3
74214,1
74215,1
74216,1
74218,1
74223,1
74224,2
74225,1
74226,1
74230,1
74231,1
74233,3
74234,2
74240,1
74241,1
74243,1
74245,1
74247,1
74248,2
74249,1
74250,2
74251,2
74256,2
74257,1
74259,1
74260,1
74261,1
74263,1
74265,1
74267,2
74268,1
74272,1
74273,1
74274,2
74276,1
74280,1
74281,1
74282,2
74288,1
74289,2
74291,1
74292,1
74293,2
74294,2
74298,1
74299,2
74300,1
74302,2
74303,1
74304,1
74307,1
74309,1
74313,1
74315,2
74316,1
74319,1
74324,2
74325,2
74326,1
74330,2
74335,1
74341,3
74343,1
74344,1
74347,2
74351,1
74352,2
74363,1
74364,1
74366,1
74369,1
74370,1
74375,1
74376,1
74378,1
74381,1
74384,2
74386,2
74387,1
74388,1
74398,3
74399,1
74403,1
74405,2
74409,1
74411,1
74414,1
74417,1
74424,2
74425,2
74426,1
74428,2
74430,1
74432,1
74434,1
74435,1
74437,1
74440,1
74441,1
74442,1
74443,1
74444,1
74445,1
74450,1
74451,1
74453,1
74454,1
74459,2
74460,1
74462,1
74468,2
74469,1
74470,1
74471,1
74473,1
74478,1
74479,1
74480,1
74482,1
74486,1
74487,1
74489,2
74491,1
74492,1
74493,1
74496,2
74499,2
74501,1
74503,1
74505,2
74507,2
74508,1
74509,1
74510,2
74511,1
74514,1
74515,1
74516,1
74525,1
74527,3
74528,1
74529,1
74537,1
74538,1
74541,1
74548,3
74549,1
74555,1
74557,2
74558,1
74560,1
74562,2
74563,1
74566,1
74567,1
74571,2
74572,1
74577,2
74579,2
74580,1
74581,1
74587,1
74589,2
74591,1
74595,2
74596,1
74601,1
74604,1
74605,2
74606,1
74607,2
74610,1
74613,2
74614,1
74618,2
74619,1
74620,2
74626,2
74629,1
74630,2
74632,1
74633,1
74634,2
74635,1
74640,1
74642,1
74644,1
74645,1
74651,1
74652,1
74656,2
74659,1
74665,2
74666,1
74667,1
74668,2
74671,1
74672,1
74675,2
74680,1
74681,1
74683,1
74685,1
74686,2
74689,1
74691,1
74692,1
74693,2
74694,1
74698,2
74701,1
74704,4
74706,1
74707,2
74708,1
74710,1
74711,3
74713,2
74715,2
74717,2
74721,1
74722,1
74724,2
74725,1
74727,1
74728,1
74730,1
74733,1
74736,1
74740,1
74741,1
74742,1
74743,2
74744,1
74746,1
74749,1
74750,1
74751,2
74752,1
74753,1
74755,1
74757,1
74758,1
74759,3
74761,1
74763,3
74766,2
74767,2
74770,1
74773,2
74774,1
74776,3
74779,1
74780,1
74782,1
74783,2
74784,2
74786,1
74788,1
74790,2
74792,2
74793,1
74797,1
74801,2
74803,1
74805,1
74806,1
74807,1
74809,2
74812,1
74816,3
74817,1
74818,2
74820,1
74821,2
74822,1
74823,1
74825,1
74828,2
74829,1
74830,2
74832,1
74835,3
74836,1
74841,1
74842,1
74844,1
74847,1
74848,2
74849,1
74850,1
74851,2
74853,1
74854,1
74855,1
74856,2
74862,1
74864,3
74867,1
74868,1
74869,1
74870,1
74872,1
74873,1
74878,2
74885,2
74888,1
74890,2
74891,1
74892,2
74895,1
74901,3
74906,1
74909,1
74911,2
74912,1
74913,1
74914,1
74916,1
74918,1
74920,2
74921,1
74922,1
74923,2
74924,2
74926,2
74928,2
74929,1
74930,1
74934,1
74937,2
74938,2
74939,1
74941,1
74942,2
74943,1
74945,1
74949,1
74950,2
74954,1
74958,1
74963,1
74964,1
74965,1
74970,1
74973,2
74974,1
74979,1
74981,1
74988,2
74990,1
74991,1
74992,3
74993,1
74996,1
74997,3
74998,3
75002,2
75007,1
75008,1
75011,1
75013,1
75015,4
75020,2
75023,1
75025,2
75026,1
75027,1
75031,2
75032,1
75034,1
75036,1
75039,1
75040,1
75041,1
75042,1
75043,1
75048,1
75049,1
75052,1
75053,1
75054,1
75057,2
75058,2
75062,2
75063,3
75064,1
75066,2
75069,2
75072,1
75073,1
75074,1
75075,1
75079,1
75081,1
75083,2
75085,2
75086,1
75087,1
75089,1
75092,1
75093,1
75095,1
75099,1
75100,1
75101,1
75102,1
75103,1
75104,4
75105,3
75108,1
75111,1
75113,1
75116,1
75118,1
75120,2
75123,1
75127,1
75128,3
75129,1
75131,3
75134,1
75137,1
75141,1
75143,1
75146,1
75147,2
75148,1
75149,1
75151,1
75153,1
75155,2
75156,1
75157,1
75159,1
75163,2
75167,2
75168,1
75173,2
75174,1
75175,1
75176,1
75178,1
75179,2
75180,2
75181,1
75184,1
75187,2
75188,1
75194,1
75198,1
75201,2
75204,1
75206,2
75207,2
75208,1
75210,1
75214,1
75216,3
75223,1
75226,1
75227,2
75228,1
75233,1
75234,3
75236,1
75237,1
75239,1
75240,1
75241,1
75246,2
75247,1
75248,1
75251,1
75261,1
75265,3
75266,1
75268,1
75273,1
75274,1
75277,1
75278,2
75279,1
75281,2
75282,2
75285,1
75287,1
75288,1
75291,1
75296,2
75299,2
75300,2
75301,2
75303,1
75310,1
75315,1
75316,2
75318,1
75319,1
75320,1
75321,1
75322,2
75323,2
75324,1
75327,2
75330,1
75335,1
75337,2
75339,1
75341,1
75342,1
75346,3
75348,1
75354,2
75355,1
75356,1
75357,1
75358,3
75360,2
75362,1
75363,1
75364,1
75366,1
75369,1
75374,1
75376,1
75380,3
75382,1
75384,2
75389,2
75390,1
75391,1
75392,1
75396,2
75400,1
75403,1
75405,1
75407,1
75412,1
75413,1
75417,1
75419,1
75421,1
75422,3
75424,2
75425,1
75426,1
75429,1
75431,1
75435,1
75436,2
75439,1
75441,4
75442,1
75444,1
75447,1
75451,1
75453,1
75454,1
75456,1
75459,1
75460,1
75461,1
75465,1
75466,2
75467,1
75470,1
75471,1
75472,1
75474,2
75478,1
75479,2
75481,1
75485,1
75488,2
75491,1
75492,1
75494,1
75496,1
75499,1
75500,2
75502,1
75503,1
75514,1
75515,1
75516,2
75517,2
75518,1
75520,3
75521,1
75523,1
75524,1
75526,1
75527,1
75530,1
75531,2
75532,2
75533,1
75537,1
75538,3
75539,1
75543,1
75550,1
75556,1
75557,4
75558,1
75559,2
75560,1
75561,1
75562,1
75563,1
75564,3
75565,1
75567,1
75568,1
75573,1
75574,1
75575,3
75576,1
75577,1
75578,2
75579,1
75583,1
75585,1
75587,1
75588,1
75590,1
75591,2
75594,1
75596,1
75599,1
75600,2
75602,2
75606,2
75607,2
75609,1
75612,1
75614,1
75618,1
75620,1
75622,1
75623,1
75626,2
75631,1
75632,1
75633,2
75635,1
75636,1
75637,1
75642,2
75643,1
75644,1
75645,1
75647,1
75648,2
75651,1
75657,1
75658,1
75659,1
75660,1
75661,2
75664,1
75665,1
75667,3
75670,1
75676,1
75677,2
75678,1
75681,1
75683,1
75684,1
75685,1
75687,1
75692,1
75694,1
75695,1
75696,1
75699,2
75705,1
75707,2
75709,1
75713,1
75720,1
75723,2
75727,2
75728,1
75739,2
75741,2
75742,3
75743,2
75744,1
75746,1
75747,1
75749,1
75750,1
75751,2
75752,3
75754,2
75756,1
75757,1
75758,1
75759,2
75760,2
75761,1
75764,1
75765,1
75767,1
75776,2
75777,2
75778,1
75779,1
75781,2
75782,1
75784,2
75786,1
75787,1
75788,1
75789,2
75791,2
75798,2
75800,2
75801,1
75808,1
75809,1
75812,1
75813,2
75814,2
75815,1
75818,1
75821,1
75824,1
75826,1
75828,1
75830,1
75831,1
75832,1
75833,1
75836,1
75838,1
75839,1
75840,1
75843,2
75846,1
75848,1
75849,1
75855,2
75856,1
75858,1
75861,1
75867,1
75870,1
75871,1
75875,2
75878,1
75883,1
75886,1
75887,1
75888,1
75889,2
75891,1
75892,1
75895,1
75896,2
75898,1
75900,1
75903,1
75907,1
75908,1
75911,1
75913,1
75915,1
75916,2
75923,3
75924,1
75930,1
75931,1
75934,1
75936,1
75939,3
75941,1
75942,1
75943,1
75944,1
75947,1
75949,1
75950,1
75951,1
75953,1
75956,1
75957,1
75958,1
75960,1
75962,1
75967,1
75969,1
75972,1
75974,3
75975,1
75977,1
75978,2
75981,3
75987,1
75988,2
75993,1
75994,3
75995,1
75996,1
76000,1
76003,2
76004,1
76006,4
76007,2
76013,1
76016,3
76020,1
76022,1
76023,2
76024,1
76025,1
76027,1
76031,1
76032,1
76033,3
76036,1
76039,4
76040,1
76042,1
76043,2
76044,1
76045,1
76046,2
76047,1
76048,2
76050,1
76057,1
76062,1
76063,1
76064,1
76066,1
76067,1
76068,1
76069,1
76070,1
76073,1
76074,2
76077,1
76085,2
76087,1
76088,2
76089,1
76091,1
76092,1
76093,1
76094,1
76096,1
76100,1
76103,1
76105,2
76109,1
76110,1
76112,1
76114,1
76116,1
76118,1
76119,3
76121,1
76122,2
76123,2
76125,1
76126,1
76133,1
76140,1
76142,2
76143,1
76147,2
76149,1
76150,1
76152,1
76153,1
76154,1
76156,1
76162,1
76163,1
76164,1
76166,1
76169,1
76174,1
76176,1
76177,2
76180,1
76187,1
76191,1
76192,1
76193,3
76194,1
76195,2
76196,1
76197,1
76201,1
76202,1
76203,1
76204,1
76206,2
76208,1
76210,1
76213,1
76216,1
76218,1
76221,1
76222,1
76224,1
76225,1
76227,1
76228,1
76229,1
76230,1
76238,1
76239,1
76242,1
76243,1
76244,1
76249,1
76250,1
76254,1
76256,1
76257,1
76261,1
76263,1
76275,1
76278,2
76280,1
76281,1
76282,1
76283,2
76284,1
76285,1
76291,3
76293,1
76294,2
76300,1
76303,1
76305,1
76308,1
76313,1
76315,1
76316,1
76317,1
76320,2
76324,1
76325,1
76328,1
76329,2
76330,1
76334,1
76336,1
76337,1
76345,1
76346,1
76352,1
76356,3
76357,1
76358,2
76363,1
76364,1
76365,1
76371,1
76372,1
76373,2
76374,1
76376,1
76377,2
76378,2
76382,1
76383,1
76384,1
76385,1
76390,3
76391,1
76394,2
76396,3
76401,2
76402,1
76403,2
76404,2
76405,1
76406,1
76407,2
76415,3
76419,1
76420,1
76423,1
76424,1
76426,1
76427,1
76431,1
76432,1
76434,1
76435,2
76436,1
76438,1
76439,1
76441,1
76442,2
76443,1
76445,1
76446,1
76448,1
76452,1
76453,1
76454,1
76455,1
76458,1
76460,2
76462,1
76464,1
76466,1
76472,1
76473,2
76475,1
76478,2
76482,1
76483,3
76484,1
76486,1
76487,1
76489,2
76491,1
76494,1
76495,2
76501,1
76502,1
76503,1
76506,1
76507,1
76512,1
76513,2
76514,2
76518,2
76519,1
76522,2
76524,1
76527,1
76532,1
76535,1
76537,1
76538,1
76540,2
76544,1
76546,2
76550,1
76555,2
76564,1
76565,1
76569,1
76571,1
76572,1
76573,1
76574,2
76575,1
76576,1
76578,1
76579,1
76583,1
76589,1
76590,1
76593,1
76599,2
76601,1
76603,1
76604,1
76606,2
76608,1
76609,1
76610,1
76612,2
76613,1
76614,1
76616,1
76617,2
76625,1
76626,1
76628,1
76629,1
76632,1
76635,1
76636,3
76639,1
76642,1
76643,3
76644,2
76645,1
76646,4
76650,1
76652,1
76654,2
76658,1
76662,1
76665,2
76669,1
76672,1
76673,1
76676,2
76678,1
76679,2
76680,1
76681,1
76682,1
76683,2
76688,1
76689,1
76691,1
76696,1
76701,1
76702,1
76703,1
76704,1
76705,2
76708,1
76712,2
76718,1
76724,4
76726,1
76727,1
76728,3
76729,2
76732,2
76734,1
76735,1
76736,1
76738,1
76740,1
76745,1
76746,1
76750,1
76752,1
76757,1
76760,1
76761,1
76765,2
76767,1
76768,2
76772,2
76773,1
76774,1
76775,1
76777,1
76778,1
76780,1
76782,2
76788,1
76789,2
76790,1
76791,1
76792,1
76793,2
76800,2
76801,2
76802,1
76803,2
76804,1
76805,2
76806,1
76807,1
76809,2
76812,2
76814,1
76818,1
76819,1
76824,1
76825,1
76831,1
76832,2
76833,1
76835,1
76837,2
76839,1
76842,1
76843,1
76844,1
76845,1
76847,1
76848,1
76852,1
76853,1
76857,2
76858,1
76859,1
76863,2
76864,1
76866,1
76868,1
76871,1
76872,1
76877,1
76879,2
76880,1
76882,1
76883,1
76884,3
76885,1
76886,1
76887,2
76888,1
76891,1
76892,1
76893,1
76896,1
76898,2
76900,1
76910,2
76911,1
76912,2
76917,1
76919,1
76920,1
76922,2
76923,1
76924,2
76926,1
76928,3
76930,1
76931,2
76932,1
76937,1
76941,1
76942,2
76948,1
76949,1
76957,2
76958,1
76959,2
76960,1
76966,1
76968,1
76969,1
76972,1
76975,2
76977,1
76979,1
76980,2
76982,1
76983,1
76984,1
76985,2
76986,3
76987,1
76990,1
76998,2
77000,1
77001,1
77002,1
77004,1
77008,1
77010,1
77013,1
77017,1
77019,1
77020,1
77022,1
77024,1
77025,1
77028,1
77033,1
77039,2
77046,2
77047,1
77048,1
77049,1
77050,1
77051,1
77054,2
77056,1
77059,1
77060,2
77062,2
77065,1
77068,2
77069,1
77071,1
77072,2
77075,1
77076,1
77077,3
77082,1
77088,2
77089,1
77090,1
77092,1
77093,1
77094,1
77097,1
77100,1
77102,1
77103,1
77104,2
77105,1
77107,1
77109,1
77111,1
77115,1
77116,2
77118,1
77124,1
77125,1
77129,1
77131,1
77132,1
77136,1
77137,2
77138,2
77139,1
77142,3
77153,1
77156,1
77157,1
77161,2
77163,1
77164,1
77165,2
77166,1
77168,1
77169,1
77170,1
77171,1
77172,1
77175,1
77177,1
77181,1
77184,2
77186,1
77187,1
77188,1
77192,1
77193,1
77198,1
77200,1
77203,2
77207,2
77208,1
77210,2
77217,1
77220,3
77222,1
77223,1
77226,1
77229,1
77230,1
77234,1
77235,1
77237,1
77238,1
77240,1
77245,1
77248,2
77249,2
77250,1
77251,1
77253,1
77258,1
77259,1
77260,1
77263,2
77264,2
77265,1
77266,2
77267,1
77269,2
77271,1
77272,1
77273,1
77281,1
77282,1
77285,1
77286,2
77288,1
77291,1
77292,2
77295,2
77298,1
77299,1
77300,1
77301,1
77302,1
77303,1
77305,1
77307,1
77310,2
77313,1
77315,1
77316,1
77318,1
77322,1
77326,1
77328,2
77329,1
77331,1
77333,1
77334,1
77335,2
77336,2
77337,1
77338,4
77339,1
77344,1
77345,1
77346,1
77347,2
77350,1
77352,1
77354,1
77365,1
77368,1
77371,1
77374,1
77377,1
77378,1
77381,1
77383,1
77384,2
77385,1
77386,2
77387,2
77388,1
77393,3
77394,1
77395,1
77396,2
77397,1
77398,3
77403,2
77412,2
77415,1
77417,2
77420,1
77421,1
77422,1
77425,1
77430,1
77433,1
77434,1
77435,1
77436,1
77438,2
77440,1
77444,1
77447,2
77450,1
77452,1
77454,1
77458,1
77459,1
77461,1
77464,2
77465,1
77470,1
77472,1
77475,1
77477,3
77482,1
77486,1
77488,2
77490,1
77492,1
77493,1
77499,1
77502,1
77505,1
77506,1
77507,1
77509,2
77510,1
77514,2
77520,1
77521,3
77524,1
77526,1
77536,1
77538,1
77539,1
77540,2
77541,1
77543,1
77544,1
77547,1
77550,1
77551,1
77552,1
77553,2
77554,3
77555,1
77556,1
77557,1
77558,1
77564,2
77566,1
77567,2
77568,2
77574,1
77575,1
77576,1
77577,1
77578,1
77582,1
77584,2
77589,2
77590,1
77591,3
77594,2
77595,2
77596,1
77597,1
77598,2
77600,2
77601,1
77605,1
77606,1
77608,1
77611,1
77616,2
77617,2
77618,1
77619,1
77622,1
77629,1
77631,1
77632,1
77635,1
77636,1
77637,1
77638,1
77639,1
77640,1
77641,1
77643,1
77644,1
77646,1
77647,1
77648,1
77652,1
77654,1
77657,1
77658,1
77660,1
77661,1
77662,2
77664,1
77665,3
77668,2
77670,1
77672,2
77674,1
77675,2
77677,1
77679,1
77681,1
77683,1
77686,2
77688,2
77689,1
77690,2
77693,1
77694,1
77695,1
77696,2
77698,1
77699,2
77700,1
77702,1
77704,1
77705,1
77706,1
77707,2
77708,1
77709,1
77711,2
77712,3
77717,1
77721,2
77722,1
77724,1
77725,1
77726,2
77727,2
77728,3
77730,1
77737,2
77738,2
77745,1
77746,2
77747,1
77749,1
77752,1
77753,1
77755,2
77758,2
77761,1
77764,1
77770,2
77771,1
77776,2
77778,2
77781,1
77792,1
77794,2
77795,1
77796,1
77798,1
77800,1
77815,1
77819,1
77834,1
77835,1
77836,1
77838,1
77841,2
77846,1
77850,1
77855,1
77856,2
77857,1
77863,1
77864,1
77868,3
77870,3
77871,1
77874,2
77875,1
77876,1
77877,1
77881,1
77883,2
77884,1
77886,1
77888,1
77889,1
77893,1
77895,2
77896,1
77898,1
77900,1
77903,1
77905,1
77907,1
77909,1
77910,4
77912,1
77914,1
77915,1
77921,1
77924,1
77927,1
77932,1
77934,1
77935,1
77938,1
77939,2
77940,1
77941,1
77942,2
77944,1
77945,2
77947,1
77948,3
77955,1
77956,1
77958,1
77959,1
77960,1
77961,1
77962,1
77964,2
77970,1
77979,1
77981,2
77983,2
77986,1
77990,2
77993,2
77996,1
77999,1
78000,1
78001,1
78003,1
78005,1
78006,1
78008,2
78009,1
78010,2
78011,1
78012,1
78014,1
78015,2
78018,1
78019,2
78021,1
78024,1
78025,1
78026,1
78028,1
78029,1
78030,1
78033,1
78034,2
78036,2
78037,1
78042,1
78043,1
78045,1
78051,1
78056,1
78059,1
78060,1
78063,2
78066,1
78067,1
78071,1
78075,1
78077,1
78082,1
78084,1
78086,1
78088,1
78091,1
78092,2
78093,1
78094,1
78095,2
78097,1
78099,1
78101,1
78102,1
78104,2
78106,3
78107,1
78108,1
78110,1
78111,1
78114,1
78115,1
78118,1
78119,1
78120,1
78121,1
78125,1
78128,1
78129,1
78130,1
78135,1
78136,1
78138,1
78139,1
78143,1
78147,1
78150,1
78154,1
78156,1
78157,1
78158,1
78161,1
78169,2
78170,1
78171,1
78174,1
78175,1
78176,1
78183,1
78184,1
78191,1
78192,2
78193,1
78196,1
78197,3
78198,1
78199,1
78201,2
78202,1
78203,1
78207,1
78208,1
78209,1
78212,3
78214,1
78215,1
78219,1
78227,2
78228,2
78229,1
78230,1
78231,2
78232,2
78233,1
78235,2
78241,1
78244,1
78245,1
78246,1
78248,1
78249,1
78252,1
78254,2
78257,2
78259,2
78260,1
78261,1
78262,1
78270,1
78272,1
78276,2
78277,1
78279,1
78281,1
78282,1
78285,2
78293,1
78296,1
78297,1
78303,1
78304,1
78308,1
78309,2
78310,1
78311,1
78314,1
78321,1
78322,1
78325,1
78331,2
78332,1
78334,1
78335,1
78336,2
78345,2
78346,1
78347,1
78348,1
78350,2
78357,3
78358,1
78359,1
78360,2
78361,2
78364,4
78366,1
78370,2
78373,2
78380,2
78384,1
78386,3
78387,1
78388,1
78389,1
78391,1
78393,1
78396,1
78398,1
78400,1
78409,2
78410,1
78415,1
78416,1
78418,1
78419,1
78420,1
78423,1
78426,1
78429,1
78431,1
78432,1
78435,1
78439,1
78444,1
78447,1
78448,1
78450,1
78451,1
78453,2
78455,1
78457,1
78459,1
78460,2
78463,1
78464,1
78466,1
78471,1
78473,1
78474,1
78475,1
78478,3
78480,2
78481,2
78484,1
78487,1
78491,1
78496,3
78498,1
78500,2
78501,1
78507,1
78509,2
78510,2
78514,1
78523,1
78526,2
78527,1
78528,1
78529,1
78531,2
78532,1
78536,1
78539,1
78541,1
78542,1
78547,1
78548,3
78549,1
78550,2
78551,1
78553,1
78554,1
78556,2
78558,2
78559,1
78560,1
78562,2
78564,1
78565,1
78570,3
78571,1
78573,2
78576,1
78578,1
78580,1
78581,1
78583,2
78587,1
78589,1
78592,2
78593,1
78594,1
78597,1
78600,1
78601,1
78605,1
78608,1
78609,1
78612,1
78614,1
78616,1
78617,1
78621,1
78623,1
78624,3
78626,1
78627,2
78630,1
78631,1
78633,1
78635,1
78637,1
78640,1
78641,1
78644,1
78648,1
78651,1
78653,3
78654,1
78662,1
78663,2
78666,1
78671,1
78673,1
78677,2
78680,1
78681,1
78682,1
78683,1
78686,1
78687,2
78692,1
78694,1
78698,2
78700,1
78703,1
78706,1
78708,1
78709,1
78710,2
78711,1
78714,3
78715,2
78716,1
78717,1
78718,1
78720,2
78723,1
78726,1
78730,2
78731,1
78734,1
78735,2
78736,2
78737,2
78738,1
78739,1
78740,1
78741,1
78742,1
78743,2
78744,1
78752,3
78755,1
78756,1
78761,2
78762,1
78763,1
78764,2
78767,1
78768,1
78770,2
78772,1
78775,1
78776,2
78783,1
78784,1
78785,2
78786,1
78789,1
78790,4
78791,1
78792,1
78793,1
78794,2
78795,2
78796,1
78797,1
78800,1
78806,1
78808,1
78809,1
78812,1
78816,2
78819,1
78822,1
78824,1
78828,1
78829,2
78830,1
78831,1
78835,1
78836,1
78837,1
78838,1
78839,1
78840,1
78841,1
78843,1
78844,1
78846,2
78848,1
78852,1
78853,1
78855,1
78857,1
78858,1
78859,3
78862,1
78865,1
78874,1
78875,1
78877,1
78880,1
78881,1
78882,1
78886,2
78887,1
78889,3
78890,1
78899,1
78900,1
78901,3
78902,1
78907,1
78911,1
78912,2
78916,1
78917,2
78918,2
78921,2
78923,1
78925,1
78931,1
78932,1
78933,1
78934,1
78935,1
78938,1
78943,1
78948,1
78949,1
78951,1
78952,1
78958,1
78959,3
78960,1
78962,1
78963,1
78964,1
78965,1
78969,1
78973,1
78974,1
78975,1
78976,1
78977,1
78978,1
78984,2
78985,1
78986,1
78987,1
78988,2
78991,1
78993,2
78999,1
79001,2
79004,1
79005,1
79006,1
79007,2
79009,1
79012,1
79013,1
79014,3
79015,2
79016,1
79019,2
79020,1
79021,1
79023,1
79025,2
79026,1
79028,2
79030,2
79033,3
79035,2
79037,2
79038,2
79040,1
79042,2
79043,1
79044,2
79045,1
79051,2
79052,1
79057,2
79059,1
79070,1
79074,1
79075,1
79077,1
79080,2
79081,2
79082,1
79083,1
79084,1
79088,2
79089,1
79091,1
79092,1
79093,1
79096,2
79097,1
79099,1
79100,2
79102,1
79104,3
79107,2
79109,3
79110,2
79113,1
79115,4
79121,1
79122,1
79123,1
79124,1
79126,1
79127,1
79128,1
79131,1
79137,2
79140,2
79143,1
79146,1
79148,2
79150,1
79154,1
79160,2
79161,1
79162,1
79163,1
79165,1
79169,3
79171,1
79174,1
79176,1
79183,1
79187,1
79194,1
79197,1
79198,1
79199,1
79201,1
79202,3
79211,1
79213,1
79214,1
79216,1
79217,2
79221,1
79224,1
79225,2
79226,1
79231,1
79233,3
79234,1
79238,2
79245,1
79246,1
79250,1
79252,1
79253,2
79259,1
79265,3
79266,1
79267,1
79269,1
79270,1
79271,1
79275,1
79277,1
79278,1
79282,1
79284,1
79286,2
79288,2
79294,2
79296,1
79298,2
79299,1
79300,1
79302,3
79304,2
79306,2
79308,1
79310,1
79313,1
79314,2
79316,2
79317,1
79318,2
79319,1
79321,1
79323,3
79324,2
79325,1
79326,2
79328,2
79330,1
79331,1
79332,1
79333,1
79334,1
79336,1
79337,1
79342,1
79344,2
79347,1
79350,1
79351,2
79352,1
79353,2
79357,1
79366,2
79367,1
79369,1
79370,1
79374,1
79378,2
79379,1
79380,1
79382,1
79385,1
79386,1
79387,2
79390,1
79392,1
79400,1
79403,2
79404,1
79406,1
79407,1
79409,2
79416,1
79418,1
79419,1
79422,2
79423,1
79425,2
79427,1
79428,1
79431,1
79432,1
79434,1
79438,1
79440,3
79441,2
79442,1
79443,2
79444,1
79445,1
79450,1
79451,2
79452,2
79453,3
79457,1
79458,1
79461,1
79462,1
79465,2
79471,1
79473,1
79474,1
79478,2
79482,1
79487,1
79489,1
79492,2
79496,1
79498,2
79500,1
79501,2
79503,1
79504,1
79505,1
79506,2
79508,1
79512,1
79514,2
79515,1
79518,1
79519,1
79522,1
79526,1
79527,1
79528,1
79529,1
79530,2
79531,1
79533,1
79534,2
79535,1
79536,2
79537,1
79538,2
79539,1
79541,1
79542,1
79546,1
79549,1
79551,1
79552,2
79553,1
79555,2
79556,1
79559,2
79561,1
79565,2
79566,1
79567,3
79568,1
79571,1
79572,1
79573,1
79574,2
79576,1
79577,1
79578,1
79579,1
79586,1
79587,1
79588,2
79589,1
79590,1
79592,3
79597,1
79600,1
79602,2
79605,1
79611,1
79612,2
79613,1
79616,1
79617,1
79622,1
79627,1
79629,2
79632,1
79633,1
79635,1
79637,1
79639,2
79640,2
79644,1
79645,1
79647,2
79649,1
79654,2
79655,2
79656,1
79659,1
79660,2
79663,1
79664,2
79665,1
79667,1
79668,2
79669,1
79670,2
79673,2
79675,2
79676,2
79679,2
79683,1
79685,1
79687,1
79688,1
79691,1
79692,1
79693,1
79695,1
79696,1
79697,1
79698,1
79700,1
79702,1
79705,1
79706,2
79709,2
79715,2
79718,1
79720,1
79722,2
79726,2
79728,1
79730,1
79731,2
79732,1
79733,3
79735,2
79738,1
79739,1
79741,1
79742,1
79743,2
79747,1
79749,1
79756,1
79758,1
79761,1
79762,1
79765,1
79768,1
79769,1
79770,1
79772,1
79774,1
79776,1
79777,1
79779,1
79789,2
79790,1
79792,1
79797,2
79798,1
79799,1
79803,1
79804,1
79806,1
79807,1
79809,1
79814,1
79818,2
79819,1
79820,1
79824,1
79826,1
79831,1
79832,1
79833,1
79838,1
79840,1
79841,2
79842,1
79843,1
79852,1
79854,1
79855,1
79856,2
79861,1
79862,1
79865,1
79866,2
79870,2
79871,1
79874,1
79875,1
79877,1
79878,1
79879,1
79880,3
79882,2
79884,1
79885,1
79886,1
79887,3
79890,1
79891,1
79896,1
79897,1
79903,1
79905,1
79909,1
79910,2
79911,1
79913,2
79918,1
79919,2
79920,2
79921,1
79922,1
79927,1
79928,1
79930,1
79934,1
79936,2
79940,1
79941,1
79942,1
79945,1
79946,2
79947,1
79951,1
79952,1
79954,1
79957,3
79961,1
79966,1
79970,2
79971,2
79972,1
79973,1
79977,1
79980,1
79981,1
79982,1
79984,1
79987,1
79992,1
79994,1
79999,1
80000,1
80005,1
80011,1
80012,1
80015,1
80017,1
80019,1
80020,1
80029,2
80034,1
80037,1
80039,1
80040,1
80042,1
80044,1
80046,1
80050,1
80054,1
80058,1
80059,2
80060,2
80064,1
80065,1
80066,1
80070,2
80073,2
80077,1
80078,1
80082,1
80088,1
80091,1
80093,1
80095,1
80097,2
80098,2
80099,1
80101,1
80102,1
80106,1
80111,2
80112,2
80114,1
80115,1
80116,1
80118,2
80119,1
80121,2
80123,1
80124,3
80128,1
80129,1
80132,1
80133,1
80134,1
80135,1
80138,1
80142,1
80146,1
80147,1
80148,1
80149,1
80150,2
80152,1
80153,1
80156,1
80160,2
80161,2
80162,1
80163,2
80167,3
80169,1
80173,3
80174,2
80175,1
80177,1
80178,1
80181,1
80182,2
80184,1
80186,2
80188,1
80189,2
80191,1
80192,1
80193,2
80194,1
80196,1
80198,1
80200,2
80204,2
80208,1
80209,1
80211,2
80214,1
80221,1
80222,1
80224,2
80225,1
80226,1
80231,2
80232,1
80234,1
80236,2
80241,1
80243,1
80246,1
80249,3
80250,1
80254,2
80256,1
80258,1
80261,1
80262,1
80263,1
80265,1
80266,1
80272,2
80273,1
80277,2
80278,1
80285,1
80286,1
80287,1
80288,1
80289,1
80291,2
80293,2
80297,1
80302,2
80304,1
80307,1
80310,2
80311,1
80313,1
80315,1
80316,4
80321,1
80323,1
80325,1
80326,1
80327,1
80328,1
80329,1
80330,1
80331,1
80337,3
80338,1
80339,2
80341,1
80344,2
80352,1
80353,1
80357,1
80360,1
80362,1
80363,1
80367,1
80371,1
80376,2
80377,1
80378,1
80379,2
80384,2
80385,2
80389,2
80391,1
80393,1
80394,1
80396,3
80398,1
80400,2
80402,1
80403,1
80404,2
80405,1
80408,1
80410,1
80411,1
80412,3
80413,1
80416,1
80417,1
80419,2
80421,1
80422,1
80423,1
80430,2
80431,1
80432,1
80433,1
80436,1
80439,1
80440,1
80441,1
80442,1
80445,2
80446,1
80448,1
80449,1
80457,1
80462,1
80466,2
80467,1
80469,1
80476,1
80479,1
80482,2
80483,2
80484,1
80485,2
80488,1
80492,1
80493,2
80498,2
80500,1
80502,1
80504,1
80506,4
80507,2
80509,1
80510,1
80511,1
80515,1
80517,2
80518,2
80519,1
80523,3
80524,2
80527,1
80528,1
80531,1
80533,1
80537,1
80539,3
80542,1
80543,1
80547,2
80549,1
80554,1
80555,1
80557,1
80563,2
80564,1
80565,1
80566,2
80570,1
80572,1
80573,1
80576,1
80577,1
80581,1
80582,1
80583,1
80585,1
80586,1
80587,2
80589,1
80590,1
80591,1
80592,3
80595,1
80597,1
80600,1
80604,2
80605,1
80609,1
80610,2
80611,1
80612,2
80615,1
80616,3
80617,1
80618,1
80619,1
80620,1
80624,3
80630,1
80632,2
80633,1
80637,1
80639,1
80640,2
80642,2
80643,1
80646,1
80648,1
80649,1
80651,1
80653,1
80656,1
80657,1
80659,2
80660,2
80661,2
80663,1
80664,1
80666,2
80667,1
80670,1
80671,1
80672,1
80673,2
80674,1
80678,2
80681,2
80685,1
80686,1
80688,2
80689,1
80691,1
80693,1
80694,1
80695,1
80696,1
80699,1
80704,1
80705,1
80708,1
80710,1
80712,1
80713,3
80717,1
80719,1
80720,2
80726,1
80727,1
80728,2
80729,1
80731,1
80732,2
80733,1
80734,1
80735,1
80736,1
80737,2
80740,1
80741,2
80745,2
80747,1
80748,1
80749,2
80752,1
80754,1
80755,2
80756,1
80758,1
80759,1
80761,1
80763,1
80764,2
80765,1
80766,1
80767,1
80768,1
80769,1
80770,1
80771,1
80773,1
80774,1
80778,1
80780,1
80781,1
80782,1
80783,1
80787,2
80789,1
80790,1
80794,1
80803,1
80804,1
80810,1
80811,1
80812,1
80813,1
80815,1
80817,1
80819,2
80820,1
80825,1
80826,1
80828,1
80830,2
80831,1
80834,1
80839,3
80841,1
80843,3
80847,1
80848,1
80849,2
80850,1
80855,1
80858,4
80859,1
80861,1
80868,1
80870,2
80871,1
80877,1
80878,1
80879,2
80883,1
80886,2
80893,1
80894,1
80900,3
80901,1
80903,1
80904,2
80905,1
80907,1
80908,1
80913,1
80916,1
80917,3
80920,1
80923,1
80925,1
80926,1
80928,2
80929,1
80935,2
80936,2
80938,2
80939,2
80942,1
80943,1
80951,1
80952,1
80959,1
80961,1
80962,1
80963,1
80969,2
80970,1
80972,1
80977,2
80980,1
80982,1
80984,1
80987,1
80989,1
80990,2
80994,1
80995,2
80996,1
80997,3
80998,1
81002,2
81003,2
81006,2
81008,2
81010,1
81011,2
81013,3
81014,1
81016,1
81017,1
81019,1
81022,2
81029,2
81030,1
81038,2
81039,1
81041,3
81043,3
81045,1
81046,1
81048,1
81051,2
81052,1
81055,2
81056,1
81058,2
81059,1
81060,1
81061,1
81065,1
81068,2
81071,2
81075,1
81078,1
81080,2
81081,1
81084,1
81086,1
81092,1
81094,1
81095,1
81096,2
81097,2
81099,1
81106,1
81107,1
81108,1
81110,1
81111,2
81112,1
81115,1
81116,1
81117,1
81120,1
81123,1
81126,2
81127,1
81133,1
81136,1
81137,1
81142,1
81144,1
81149,2
81151,2
81152,1
81153,1
81154,2
81155,2
81156,1
81157,2
81159,1
81160,2
81161,1
81162,1
81163,1
81168,3
81169,1
81170,1
81171,2
81172,1
81177,1
81179,1
81182,1
81183,2
81189,1
81194,2
81196,1
81199,1
81200,1
81201,2
81202,1
81204,1
81207,2
81209,1
81216,1
81222,1
81227,2
81232,1
81233,1
81236,1
81237,2
81238,1
81241,1
81242,2
81243,1
81244,2
81246,1
81250,1
81255,1
81257,1
81258,1
81259,1
81261,1
81262,1
81265,1
81266,1
81269,1
81273,1
81274,1
81276,2
81281,1
81282,3
81283,2
81284,1
81285,1
81286,2
81287,1
81288,2
81290,1
81291,2
81294,2
81295,1
81298,2
81299,1
81303,2
81304,2
81305,1
81308,1
81311,2
81312,3
81313,1
81314,1
81322,1
81326,1
81330,1
81331,1
81333,1
81334,1
81335,3
81337,1
81339,2
81340,1
81344,1
81349,1
81351,1
81352,1
81353,1
81354,1
81355,1
81356,2
81357,1
81358,3
81360,1
81362,1
81364,2
81366,1
81368,2
81369,1
81373,1
81379,1
81382,2
81385,1
81386,2
81387,1
81392,1
81396,2
81397,2
81399,1
81400,2
81401,2
81402,4
81403,1
81410,1
81412,1
81413,1
81416,2
81417,1
81423,2
81427,3
81433,1
81435,1
81437,1
81438,2
81440,1
81441,1
81442,1
81443,1
81445,1
81447,1
81448,1
81451,1
81452,1
81457,1
81459,1
81460,1
81465,1
81466,1
81468,3
81469,1
81470,1
81471,1
81472,2
81475,1
81479,1
81480,2
81485,2
81491,1
81499,1
81504,3
81505,1
81508,1
81511,1
81512,1
81514,1
81515,1
81517,1
81518,1
81520,2
81523,1
81524,2
81527,1
81530,1
81531,1
81532,1
81535,1
81536,1
81537,1
81541,2
81542,1
81543,1
81544,1
81545,1
81548,2
81550,1
81551,1
81553,1
81555,1
81556,1
81557,2
81558,2
81562,1
81567,3
81568,1
81569,2
81571,2
81572,1
81573,2
81576,1
81579,1
81583,1
81584,2
81585,1
81586,1
81590,1
81593,1
81594,2
81597,1
81600,1
81601,1
81602,3
81605,1
81610,1
81611,3
81612,1
81615,2
81617,1
81620,1
81621,1
81622,1
81623,1
81625,1
81630,1
81631,2
81632,1
81634,1
81635,3
81643,1
81650,2
81652,2
81656,2
81657,1
81658,3
81659,1
81667,1
81668,2
81669,1
81671,1
81672,1
81676,1
81677,1
81678,1
81682,2
81685,1
81687,1
81690,1
81691,1
81692,2
81698,1
81699,1
81704,1
81707,1
81708,2
81709,3
81717,3
81720,1
81722,1
81723,1
81727,2
81728,1
81730,2
81731,1
81733,1
81734,1
81737,1
81740,2
81741,1
81742,1
81744,3
81747,1
81751,1
81752,1
81754,2
81755,1
81757,1
81758,1
81759,2
81760,2
81761,1
81763,1
81766,1
81767,1
81769,1
81770,1
81773,1
81776,2
81777,1
81778,1
81782,1
81783,1
81785,1
81788,2
81790,1
81792,4
81795,1
81798,2
81799,1
81803,1
81808,1
81810,1
81811,1
81815,2
81816,1
81817,1
81820,1
81822,1
81825,1
81830,1
81831,1
81832,1
81833,1
81834,1
81835,1
81839,1
81840,2
81842,1
81843,1
81844,1
81845,1
81848,1
81850,1
81853,1
81854,2
81856,2
81859,2
81860,1
81862,2
81866,1
81868,2
81869,1
81870,1
81872,2
81876,1
81877,1
81883,2
81885,1
81887,1
81889,1
81892,1
81893,1
81894,2
81895,1
81896,1
81897,1
81898,1
81899,1
81901,2
81904,1
81908,2
81913,2
81914,2
81916,2
81918,2
81919,2
81920,1
81922,1
81924,3
81925,1
81928,1
81930,1
81935,1
81936,2
81938,1
81939,1
81941,1
81942,1
81943,2
81945,1
81946,1
81951,1
81952,4
81954,1
81955,1
81958,1
81960,2
81961,2
81967,4
81968,1
81970,1
81972,2
81974,1
81977,1
81982,1
81984,1
81986,1
81987,1
81989,1
81992,2
81996,1
81997,3
81999,1
82000,1
82003,1
82004,1
82008,1
82011,1
82015,1
82016,3
82017,1
82018,1
82019,1
82021,1
82024,1
82029,1
82030,1
82032,1
82037,2
82040,1
82041,2
82042,1
82049,1
82050,1
82051,1
82054,1
82056,2
82059,1
82061,1
82062,1
82064,1
82067,1
82068,1
82069,1
82071,1
82073,1
82076,1
82077,2
82083,2
82087,2
82091,1
82092,1
82093,1
82095,1
82099,1
82102,2
82103,2
82104,1
82105,1
82107,1
82108,2
82113,1
82114,1
82116,1
82123,1
82128,2
82129,1
82137,1
82138,1
82139,1
82140,3
82141,1
82142,1
82144,1
82146,1
82148,1
82152,1
82154,1
82156,1
82158,2
82159,1
82160,1
82161,1
82162,1
82163,1
82166,1
82168,2
82169,1
82170,3
82171,2
82174,1
82177,2
82178,2
82181,1
82187,1
82191,1
82195,2
82196,1
82197,2
82199,1
82202,1
82204,1
82205,2
82206,1
82214,1
82220,1
82222,1
82226,2
82228,1
82232,2
82235,1
82244,2
82245,2
82247,1
82248,1
82250,1
82255,1
82258,2
82260,2
82270,1
82271,2
82272,1
82273,1
82275,1
82279,1
82282,1
82283,1
82285,1
82287,2
82289,1
82291,1
82292,1
82294,1
82297,1
82298,1
82299,1
82300,1
82304,1
82306,1
82307,1
82309,2
82312,1
82316,1
82322,1
82324,1
82325,1
82328,1
82333,1
82336,1
82339,3
82341,1
82344,1
82346,2
82347,1
82353,1
82354,1
82358,1
82359,1
82361,1
82363,1
82364,2
82365,1
82369,1
82371,1
82373,1
82384,2
82389,1
82392,1
82395,1
82396,1
82399,1
82400,1
82401,1
82402,1
82404,1
82405,1
82407,3
82410,3
82413,1
82417,1
82419,2
82421,1
82422,1
82424,1
82425,1
82427,1
82428,1
82429,1
82430,2
82433,1
82434,1
82435,1
82437,3
82438,1
82439,1
82440,1
82441,1
82442,1
82443,1
82449,1
82450,1
82453,2
82454,1
82456,2
82457,2
82460,1
82465,1
82466,1
82470,2
82471,1
82472,1
82473,1
82476,1
82477,1
82478,2
82479,1
82482,1
82484,1
82485,2
82487,1
82489,1
82490,3
82497,1
82504,2
82505,1
82506,1
82509,1
82514,1
82518,3
82521,1
82523,1
82525,1
82526,1
82527,1
82528,1
82529,1
82530,1
82532,1
82533,1
82534,3
82536,1
82537,1
82539,1
82540,1
82544,3
82545,3
82547,1
82548,2
82549,1
82550,3
82552,1
82553,1
82555,1
82556,2
82559,1
82560,1
82561,1
82564,1
82566,1
82567,1
82568,2
82570,1
82575,1
82576,2
82577,1
82581,1
82582,2
82585,1
82587,1
82588,1
82594,1
82599,1
82600,1
82601,1
82603,1
82605,2
82607,1
82610,2
82611,1
82613,2
82614,2
82615,1
82617,1
82621,1
82623,2
82624,1
82627,1
82628,1
82629,1
82631,2
82632,1
82635,1
82638,4
82639,1
82640,1
82645,1
82646,1
82650,1
82651,1
82652,4
82653,2
82659,1
82660,1
82661,1
82663,1
82664,2
82665,1
82667,1
82672,1
82674,1
82675,1
82677,2
82678,1
82683,1
82686,1
82688,1
82689,1
82691,2
82693,1
82695,2
82698,1
82700,2
82708,1
82711,1
82713,1
82715,1
82716,1
82717,1
82720,1
82729,1
82734,2
82735,1
82736,2
82737,2
82738,1
82744,1
82748,1
82752,1
82753,1
82754,1
82759,1
82764,1
82768,1
82769,1
82770,1
82771,1
82773,1
82774,1
82777,1
82778,2
82781,1
82782,1
82784,2
82789,1
82794,2
82795,1
82796,1
82799,1
82800,2
82801,1
82803,1
82805,1
82808,1
82812,3
82813,1
82817,2
82820,1
82821,2
82823,2
82825,1
82826,1
82827,1
82830,1
82832,1
82833,2
82834,1
82836,1
82837,3
82838,1
82839,2
82840,1
82846,3
82848,1
82853,1
82854,1
82855,2
82856,1
82862,1
82864,1
82867,1
82871,1
82875,1
82876,1
82878,1
82880,1
82883,2
82887,1
82888,1
82892,1
82898,1
82901,1
82905,1
82907,1
82914,2
82915,2
82916,1
82917,2
82921,1
82922,1
82926,1
82927,1
82930,1
82932,1
82933,1
82935,1
82936,1
82939,1
82941,1
82942,1
82944,1
82945,3
82947,1
82952,1
82953,2
82955,3
82958,1
82959,1
82960,2
82965,1
82967,1
82969,1
82970,2
82972,1
82973,1
82974,1
82976,2
82981,1
82984,1
82987,2
82988,1
82989,2
82991,2
82995,1
82997,1
83000,1
83003,1
83004,1
83007,2
83008,2
83009,1
83011,1
83012,1
83014,1
83018,2
83019,2
83021,1
83024,1
83027,1
83030,1
83034,1
83038,1
83042,1
83044,4
83045,1
83048,1
83049,1
83051,1
83053,1
83058,1
83060,2
83061,2
83063,1
83064,1
83066,1
83067,1
83068,1
83069,1
83071,1
83075,3
83077,1
83078,1
83081,1
83084,1
83085,1
83086,2
83087,2
83088,2
83091,2
83092,1
83093,2
83094,1
83095,1
83097,2
83098,1
83099,1
83102,1
83104,2
83105,1
83107,2
83110,1
83113,1
83117,1
83120,1
83121,2
83124,1
83125,1
83129,1
83131,1
83132,2
83133,3
83135,1
83136,2
83137,1
83138,4
83139,1
83142,1
83143,1
83148,1
83150,1
83154,1
83155,1
83156,1
83159,1
83162,1
83163,1
83165,1
83166,1
83167,1
83171,1
83174,3
83175,1
83177,1
83178,1
83183,2
83184,1
83186,1
83188,1
83190,3
83191,1
83193,3
83196,1
83198,1
83199,1
83200,1
83205,1
83209,1
83211,1
83212,1
83213,1
83214,1
83215,2
83217,1
83218,1
83224,1
83225,1
83228,1
83229,1
83230,1
83233,2
83240,1
83244,1
83247,1
83248,1
83249,1
83251,1
83253,1
83254,1
83257,1
83258,1
83266,1
83268,1
83272,2
83273,1
83274,1
83275,1
83276,2
83277,1
83279,1
83280,1
83282,2
83288,2
83289,1
83290,1
83294,1
83296,3
83297,1
83302,2
83303,1
83311,1
83314,1
83315,1
83316,1
83323,2
83326,1
83331,1
83332,1
83335,3
83337,1
83338,1
83339,1
83343,1
83345,3
83347,4
83348,3
83349,2
83356,1
83362,1
83363,2
83364,1
83365,2
83366,2
83370,1
83371,1
83372,1
83373,1
83375,1
83376,1
83380,3
83381,1
83385,2
83388,1
83390,1
83392,1
83393,1
83399,1
83400,1
83401,1
83402,1
83405,1
83407,1
83408,1
83409,2
83411,1
83412,2
83413,1
83416,1
83417,2
83418,1
83420,2
83424,1
83425,1
83427,1
83429,1
83431,1
83433,1
83435,1
83436,1
83438,1
83441,1
83443,1
83444,1
83445,1
83446,1
83449,2
83453,1
83454,1
83457,1
83458,1
83459,1
83461,1
83462,1
83466,1
83469,1
83471,2
83472,1
83473,2
83474,2
83475,1
83477,3
83480,1
83481,2
83486,2
83491,1
83492,2
83494,1
83495,2
83496,1
83497,2
83499,3
83500,1
83502,2
83505,1
83513,2
83514,3
83515,2
83517,1
83518,1
83519,1
83521,1
83522,1
83523,1
83525,4
83526,1
83529,1
83530,1
83531,1
83533,1
83537,1
83541,1
83542,1
83544,1
83551,2
83553,2
83554,1
83555,1
83556,1
83558,1
83563,1
83564,1
83565,1
83571,1
83573,2
83577,1
83578,2
83579,1
83582,2
83583,1
83584,1
83587,1
83591,2
83592,1
83597,1
83598,1
83599,2
83600,2
83602,1
83605,1
83608,1
83609,1
83610,1
83612,1
83613,1
83618,1
83619,2
83620,1
83621,1
83623,2
83627,1
83630,2
83633,1
83634,1
83637,1
83641,1
83645,1
83648,1
83649,1
83658,1
83661,2
83662,1
83664,1
83665,1
83668,1
83669,2
83670,1
83672,1
83678,2
83679,1
83681,1
83685,1
83686,1
83687,1
83688,1
83689,1
83692,2
83693,1
83694,1
83698,1
83699,2
83700,1
83703,1
83705,3
83706,1
83707,1
83709,1
83710,1
83711,1
83712,1
83715,2
83716,2
83717,1
83719,1
83723,1
83724,1
83726,2
83728,2
83729,1
83736,3
83737,1
83747,1
83750,1
83751,1
83756,1
83758,1
83759,1
83762,1
83765,1
83767,1
83771,1
83772,1
83773,1
83774,1
83775,2
83776,1
83777,1
83778,1
83779,1
83780,1
83781,2
83786,1
83790,2
83794,1
83797,1
83804,1
83810,1
83811,1
83813,1
83818,1
83819,1
83823,1
83824,1
83827,1
83836,2
83837,1
83841,2
83845,1
83847,1
83848,1
83849,2
83860,1
83862,3
83863,2
83867,2
83868,1
83870,1
83871,1
83872,1
83873,1
83875,1
83878,2
83881,1
83883,1
83887,2
83888,1
83890,1
83892,1
83895,1
83896,1
83897,1
83899,1
83903,2
83904,1
83908,1
83910,2
83912,1
83914,1
83915,1
83917,2
83920,2
83925,1
83926,2
83927,1
83928,1
83931,1
83937,1
83944,2
83945,2
83947,1
83948,1
83952,1
83953,1
83954,3
83955,1
83956,1
83967,1
83972,2
83973,1
83975,1
83977,1
83978,1
83980,1
83981,1
83982,1
83983,2
83986,1
83987,1
83990,2
83991,2
83995,2
83996,3
84000,1
84008,1
84012,1
84014,1
84015,1
84016,1
84017,1
84018,1
84019,1
84022,1
84024,1
84027,1
84028,1
84030,1
84031,1
84033,1
84034,1
84035,2
84037,1
84039,1
84044,1
84045,1
84046,2
84047,1
84049,1
84053,1
84054,1
84055,2
84057,1
84058,1
84059,1
84067,3
84068,1
84069,1
84070,1
84071,1
84079,1
84083,1
84084,1
84085,1
84087,1
84088,1
84092,1
84093,1
84094,1
84096,1
84097,2
84098,2
84099,1
84108,1
84110,1
84115,1
84116,1
84118,2
84120,1
84124,1
84128,1
84135,1
84136,1
84138,1
84139,1
84151,1
84152,1
84154,1
84156,1
84157,1
84158,2
84160,1
84161,2
84162,2
84163,1
84165,2
84166,2
84167,1
84171,1
84172,1
84175,1
84176,2
84181,1
84183,1
84184,1
84185,2
84186,1
84187,1
84190,1
84192,1
84196,1
84197,2
84198,1
84199,1
84202,2
84203,1
84209,2
84212,2
84213,2
84215,1
84216,1
84219,1
84220,1
84222,2
84225,1
84229,1
84230,1
84232,3
84235,1
84236,1
84237,2
84239,1
84240,1
84243,1
84245,2
84247,2
84249,1
84252,1
84253,2
84256,3
84258,1
84259,1
84261,1
84264,1
84266,2
84267,3
84268,1
84272,1
84278,1
84280,2
84281,1
84283,1
84284,1
84287,2
84292,1
84293,1
84294,1
84295,1
84298,1
84305,1
84306,2
84307,1
84309,1
84312,1
84318,1
84320,1
84321,2
84322,1
84326,1
84328,1
84329,1
84330,1
84332,2
84335,3
84336,1
84340,1
84341,1
84342,1
84343,1
84351,1
84355,1
84356,2
84357,1
84358,1
84360,1
84361,3
84363,1
84373,1
84377,1
84378,1
84380,2
84381,2
84382,2
84383,1
84384,1
84385,2
84386,2
84387,1
84388,3
84391,3
84393,1
84394,1
84399,1
84400,1
84402,1
84404,3
84405,1
84408,1
84409,1
84411,2
84412,1
84414,2
84415,1
84416,2
84420,1
84423,1
84424,1
84426,1
84427,1
84429,2
84431,3
84434,3
84439,2
84441,1
84442,1
84443,1
84444,2
84448,1
84449,1
84451,2
84452,1
84453,2
84457,1
84460,1
84465,1
84468,2
84473,1
84476,1
84477,1
84479,1
84480,1
84482,3
84486,2
84492,1
84498,1
84499,1
84502,2
84503,1
84508,1
84512,1
84515,1
84516,1
84517,1
84520,1
84522,1
84523,1
84526,1
84528,2
84530,3
84534,2
84535,1
84540,1
84544,1
84548,1
84550,1
84551,1
84559,1
84564,1
84568,1
84570,2
84572,1
84573,2
84574,1
84576,1
84577,1
84579,1
84582,1
84584,1
84588,1
84589,1
84590,3
84591,2
84592,1
84593,1
84594,2
84596,1
84599,1
84601,1
84602,3
84607,1
84608,1
84609,2
84610,1
84615,2
84617,1
84619,1
84622,1
84623,2
84624,1
84630,1
84633,1
84635,1
84637,1
84640,2
84642,1
84645,3
84647,2
84648,1
84650,1
84651,1
84652,2
84653,1
84654,1
84656,1
84658,1
84659,1
84660,2
84661,1
84663,3
84665,1
84669,2
84671,3
84672,4
84673,1
84674,1
84677,2
84682,1
84683,1
84684,2
84685,1
84686,1
84687,1
84689,1
84694,1
84696,2
84697,1
84699,2
84702,1
84705,1
84707,1
84714,1
84719,1
84721,1
84728,1
84729,1
84730,1
84731,1
84733,2
84734,1
84738,1
84740,1
84746,1
84753,2
84754,1
84757,1
84758,3
84763,1
84765,1
84766,1
84767,1
84768,1
84769,1
84771,1
84773,1
84776,2
84777,1
84778,2
84779,2
84780,2
84781,1
84782,2
84783,1
84784,2
84785,1
84787,1
84788,2
84789,1
84790,1
84792,1
84793,1
84794,1
84795,1
84800,1
84801,1
84802,1
84805,1
84808,1
84810,1
84812,1
84814,1
84816,2
84818,1
84825,2
84830,1
84832,1
84834,1
84837,1
84840,1
84841,1
84842,2
84843,1
84844,1
84849,1
84850,1
84854,1
84857,1
84859,1
84861,1
84863,1
84866,2
84869,1
84871,1
84872,1
84873,1
84875,1
84879,1
84880,1
84883,1
84886,2
84889,1
84891,3
84892,2
84893,1
84895,1
84899,1
84900,1
84903,2
84904,1
84905,1
84908,1
84910,1
84914,1
84916,1
84918,1
84920,1
84922,1
84923,1
84924,2
84928,1
84929,4
84936,1
84937,2
84940,2
84943,1
84947,2
84959,1
84961,2
84965,1
84973,1
84975,2
84976,1
84978,1
84987,1
84989,1
84992,2
84995,2
84996,1
84997,1
85001,1
85002,2
85003,1
85005,2
85010,1
85011,2
85014,1
85015,2
85018,2
85019,1
85020,1
85022,1
85025,1
85026,1
85028,1
85033,2
85035,2
85040,2
85041,1
85042,2
85043,1
85046,1
85048,1
85050,1
85052,1
85056,1
85057,1
85060,1
85062,1
85064,1
85065,2
85066,1
85067,1
85068,1
85072,1
85074,2
85076,3
85077,1
85080,1
85082,1
85083,1
85084,2
85086,1
85087,1
85090,1
85091,1
85098,1
85100,1
85101,1
85102,3
85103,1
85109,1
85113,1
85114,1
85115,1
85116,1
85118,1
85123,1
85125,1
85126,1
85127,1
85130,1
85136,1
85138,1
85139,2
85140,2
85141,1
85156,2
85157,1
85158,1
85161,1
85165,1
85170,1
85173,1
85176,1
85182,3
85184,1
85186,1
85187,1
85188,1
85189,1
85190,1
85192,2
85193,1
85194,1
85198,1
85200,1
85204,1
85208,1
85210,1
85211,1
85218,1
85221,1
85222,1
85224,1
85225,1
85228,1
85230,1
85236,1
85241,1
85242,1
85244,1
85248,2
85249,1
85253,1
85254,1
85256,1
85258,1
85260,1
85263,2
85264,1
85266,1
85267,2
85269,1
85270,1
85272,1
85276,1
85279,1
85283,2
85290,1
85292,1
85295,1
85296,1
85298,1
85300,1
85303,3
85306,1
85307,1
85308,1
85311,1
85312,2
85313,1
85314,1
85315,1
85316,1
85319,1
85320,1
85322,2
85328,1
85330,1
85335,3
85340,1
85341,1
85343,1
85345,2
85346,1
85347,2
85348,1
85349,1
85350,4
85351,2
85353,1
85354,1
85362,2
85364,3
85365,1
85366,1
85367,1
85369,1
85371,2
85372,1
85373,1
85375,1
85384,1
85386,1
85387,1
85389,1
85392,1
85396,2
85401,1
85403,1
85405,2
85407,1
85408,2
85409,1
85410,1
85413,1
85418,2
85420,1
85422,1
85426,1
85427,1
85428,1
85429,1
85430,2
85432,1
85435,1
85439,3
85449,1
85450,1
85452,1
85454,2
85455,1
85456,2
85462,1
85463,1
85464,1
85466,2
85467,1
85469,1
85471,1
85472,2
85474,1
85476,1
85477,2
85478,1
85479,1
85485,2
85486,3
85488,2
85493,1
85494,1
85496,1
85497,2
85498,1
85499,1
85500,1
85503,1
85510,1
85513,1
85514,1
85516,1
85517,1
85520,1
85521,1
85528,1
85533,1
85535,1
85537,1
85538,1
85540,1
85541,2
85546,1
85548,2
85551,1
85553,2
85554,1
85555,1
85557,1
85558,1
85561,2
85563,1
85564,2
85565,2
85566,1
85567,1
85568,1
85575,1
85579,1
85580,3
85583,1
85585,3
85587,2
85589,1
85593,2
85596,1
85597,1
85598,2
85600,1
85602,1
85605,1
85607,1
85608,1
85611,1
85613,3
85614,1
85615,1
85617,2
85618,2
85620,1
85626,1
85628,1
85629,1
85630,1
85633,1
85640,1
85641,1
85645,1
85646,1
85648,1
85650,1
85652,1
85653,2
85654,1
85655,1
85656,1
85660,1
85665,1
85667,1
85668,1
85672,1
85673,2
85674,2
85675,1
85679,1
85686,3
85689,1
85690,1
85691,2
85692,1
85693,1
85694,2
85695,1
85697,1
85698,1
85699,1
85700,2
85701,1
85702,1
85705,1
85706,1
85711,1
85716,1
85717,1
85718,1
85722,1
85725,1
85732,1
85735,1
85737,1
85738,1
85743,1
85744,1
85745,1
85746,2
85748,2
85754,1
85755,2
85756,1
85757,1
85758,1
85759,1
85761,1
85763,1
85766,1
85768,1
85772,1
85773,1
85777,1
85781,1
85785,2
85789,2
85795,2
85803,1
85808,1
85812,1
85813,2
85819,2
85821,1
85823,1
85824,1
85826,1
85831,1
85833,1
85834,2
85835,2
85838,1
85840,1
85841,2
85843,1
85845,1
85846,1
85847,1
85849,1
85852,2
85855,3
85856,2
85857,1
85859,2
85864,1
85866,1
85867,1
85872,1
85874,1
85875,2
85876,1
85882,1
85883,1
85888,1
85893,1
85894,1
85895,1
85897,1
85899,1
85900,1
85901,1
85902,1
85903,1
85904,1
85905,1
85912,2
85913,1
85915,2
85916,1
85920,1
85928,1
85929,2
85933,1
85935,1
85938,1
85939,2
85941,1
85942,2
85947,1
85956,4
85957,1
85958,1
85959,1
85961,1
85962,2
85965,1
85966,2
85968,1
85969,1
85973,6
85977,1
85978,1
85979,4
85982,1
85984,1
85985,1
85992,1
85995,1
85998,1
85999,1
86002,2
86003,1
86006,2
86014,1
86017,1
86018,1
86020,3
86025,1
86031,1
86032,2
86036,1
86039,1
86042,1
86044,1
86049,1
86050,1
86052,1
86054,1
86055,1
86057,1
86059,1
86067,1
86070,1
86071,1
86072,3
86073,1
86074,2
86077,2
86082,1
86083,2
86086,1
86088,1
86089,1
86092,3
86093,2
86094,1
86097,1
86098,1
86101,3
86104,1
86106,1
86109,1
86112,2
86115,1
86117,1
86119,1
86121,1
86122,2
86123,2
86129,1
86131,1
86132,1
86133,1
86134,1
86135,2
86143,1
86144,1
86151,1
86153,1
86155,2
86156,1
86158,1
86163,1
86164,2
86166,1
86171,1
86172,1
86178,1
86181,1
86182,1
86183,2
86188,1
86192,1
86196,1
86198,2
86201,1
86202,3
86203,1
86204,2
86206,1
86208,1
86209,1
86212,3
86214,1
86215,1
86216,1
86217,1
86219,1
86221,1
86223,2
86224,4
86225,2
86226,1
86230,1
86232,1
86234,1
86238,1
86239,1
86244,2
86245,2
86246,1
86247,1
86248,1
86249,2
86250,1
86251,1
86255,1
86256,1
86257,3
86258,1
86259,1
86261,2
86267,1
86269,1
86271,1
86275,1
86276,1
86282,2
86283,1
86288,1
86290,1
86291,3
86293,2
86295,1
86297,1
86298,1
86299,1
86301,1
86302,1
86304,1
86310,1
86315,1
86316,1
86317,1
86318,1
86319,1
86320,1
86321,1
86322,1
86323,1
86325,1
86327,1
86332,1
86333,2
86334,1
86342,1
86343,3
86345,1
86349,1
86350,1
86352,2
86353,1
86357,1
86358,1
86359,1
86362,1
86365,2
86369,1
86372,2
86373,1
86375,1
86378,1
86379,1
86381,1
86382,1
86384,3
86389,1
86395,1
86398,1
86399,1
86401,1
86402,1
86405,1
86406,1
86407,2
86412,1
86414,4
86417,1
86418,1
86419,2
86421,1
86422,2
86423,1
86424,2
86425,3
86426,1
86430,1
86433,1
86436,1
86443,1
86446,1
86447,1
86451,1
86452,1
86455,1
86457,1
86458,2
86459,3
86460,1
86461,1
86462,1
86463,1
86466,1
86467,1
86469,1
86471,1
86472,1
86473,1
86480,2
86481,1
86486,1
86487,2
86488,1
86492,2
86496,1
86497,1
86499,1
86504,1
86508,1
86510,1
86514,1
86516,1
86517,1
86519,1
86520,1
86521,2
86522,1
86524,3
86525,1
86528,1
86529,2
86530,1
86534,2
86535,1
86536,1
86537,2
86539,2
86541,1
86544,1
86546,1
86547,1
86550,1
86551,1
86552,2
86553,1
86558,2
86562,1
86565,1
86569,1
86574,1
86576,1
86579,1
86586,1
86587,3
86590,1
86593,1
86594,1
86595,2
86608,3
86613,1
86616,1
86621,1
86622,1
86623,1
86624,1
86627,1
86628,1
86631,1
86632,1
86635,1
86637,2
86638,2
86639,1
86642,1
86651,1
86656,1
86657,1
86658,1
86660,1
86661,2
86663,1
86664,1
86666,2
86667,1
86670,1
86672,1
86673,1
86675,1
86676,1
86677,1
86680,2
86682,2
86684,1
86685,1
86687,1
86689,1
86690,1
86691,1
86693,1
86695,1
86696,1
86697,1
86704,1
86707,1
86708,1
86709,3
86715,1
86716,1
86717,3
86718,1
86721,1
86722,2
86724,2
86725,4
86728,1
86729,1
86732,1
86735,1
86736,2
86737,1
86740,1
86743,1
86745,1
86750,1
86756,1
86759,1
86762,1
86767,1
86768,1
86771,2
86775,1
86777,1
86781,1
86783,1
86785,1
86788,1
86790,1
86796,1
86797,1
86799,1
86800,2
86803,3
86804,1
86805,1
86807,1
86808,2
86811,2
86812,1
86816,1
86819,2
86820,1
86821,1
86828,1
86832,1
86833,1
86835,1
86836,1
86839,1
86840,1
86841,1
86843,2
86844,3
86845,2
86846,1
86848,1
86849,1
86850,1
86852,1
86854,2
86856,1
86859,2
86863,1
86867,1
86868,1
86873,1
86874,1
86875,1
86876,1
86877,1
86879,1
86881,2
86883,1
86884,2
86886,1
86887,1
86888,1
86889,1
86891,1
86892,2
86895,1
86897,1
86899,1
86900,1
86903,1
86909,1
86911,1
86914,1
86915,1
86917,2
86918,1
86920,1
86924,2
86929,1
86932,2
86936,1
86937,2
86938,1
86939,2
86941,1
86946,2
86947,1
86948,1
86949,1
86950,1
86952,1
86953,2
86955,2
86956,3
86957,3
86958,1
86959,1
86960,1
86964,1
86965,1
86966,1
86971,1
86972,1
86973,1
86977,2
86978,1
86980,1
86982,1
86985,2
86989,1
86990,1
86991,1
86993,1
86996,1
86999,1
87003,1
87004,2
87005,1
87006,1
87010,2
87011,1
87013,1
87015,1
87017,1
87018,2
87019,1
87023,1
87026,2
87028,1
87029,1
87030,1
87031,1
87032,1
87034,1
87035,1
87042,2
87044,1
87045,2
87051,1
87052,1
87054,1
87056,1
87058,2
87061,3
87062,1
87064,2
87067,1
87071,1
87072,1
87073,2
87075,1
87077,3
87080,1
87083,1
87086,1
87087,1
87089,1
87090,1
87091,1
87094,1
87095,1
87097,2
87098,3
87099,1
87100,1
87101,1
87103,1
87105,1
87107,2
87109,2
87110,3
87114,1
87117,1
87120,1
87121,1
87124,2
87125,1
87126,1
87129,1
87131,2
87132,1
87133,2
87136,1
87137,2
87140,1
87142,1
87143,1
87145,1
87146,1
87147,2
87151,1
87152,1
87154,1
87155,1
87157,2
87159,2
87162,1
87163,2
87164,1
87166,1
87168,1
87170,2
87172,1
87173,1
87175,1
87176,1
87177,1
87179,1
87180,1
87182,1
87183,1
87186,1
87188,1
87189,1
87191,3
87193,1
87194,1
87196,1
87198,1
87202,1
87203,2
87204,1
87211,2
87212,1
87214,1
87215,2
87221,1
87223,1
87224,1
87228,1
87232,1
87233,1
87235,1
87240,2
87241,2
87242,1
87245,1
87247,1
87248,2
87251,1
87254,1
87255,1
87256,1
87257,1
87260,1
87262,1
87264,1
87268,1
87272,1
87276,1
87280,1
87281,1
87283,1
87284,1
87285,2
87286,1
87287,2
87289,2
87292,2
87298,1
87300,1
87301,1
87302,1
87306,1
87308,1
87309,1
87311,1
87315,2
87318,1
87319,1
87320,1
87323,1
87324,1
87326,2
87329,1
87332,1
87334,1
87338,3
87340,2
87342,2
87343,2
87344,1
87345,1
87346,2
87349,1
87352,1
87357,1
87360,1
87363,3
87364,2
87365,1
87368,1
87378,2
87383,1
87387,1
87391,1
87393,1
87397,1
87398,1
87399,1
87400,2
87405,2
87409,1
87410,1
87412,1
87413,1
87414,3
87418,1
87421,1
87422,1
87424,1
87431,1
87437,2
87439,2
87440,2
87442,1
87444,1
87445,1
87446,2
87447,1
87451,1
87452,1
87456,1
87460,1
87461,1
87471,1
87472,1
87473,1
87477,2
87478,1
87483,1
87484,1
87488,1
87489,1
87494,1
87497,2
87498,2
87499,2
87500,1
87501,1
87504,1
87505,1
87506,2
87508,2
87513,1
87518,1
87519,2
87520,2
87523,1
87526,1
87527,1
87530,2
87534,1
87538,1
87539,1
87541,1
87542,1
87543,2
87547,1
87550,1
87551,1
87560,2
87561,1
87564,1
87565,2
87568,1
87571,1
87572,1
87577,1
87581,2
87582,1
87585,1
87586,1
87588,1
87589,1
87590,1
87592,2
87594,1
87596,2
87603,2
87605,1
87611,1
87614,1
87615,1
87616,2
87617,1
87618,1
87619,2
87626,1
87627,2
87628,2
87631,3
87632,1
87634,1
87637,1
87641,1
87642,1
87648,2
87649,2
87650,1
87655,1
87656,1
87664,1
87666,2
87668,1
87669,1
87670,1
87674,1
87675,1
87676,1
87678,1
87679,1
87681,1
87682,1
87684,1
87687,1
87689,1
87690,1
87695,1
87701,1
87702,1
87704,1
87705,1
87711,1
87715,1
87717,1
87718,1
87720,1
87729,1
87730,2
87732,1
87734,1
87735,1
87739,1
87740,1
87741,2
87743,2
87747,1
87750,1
87754,1
87758,1
87760,1
87762,1
87764,2
87765,1
87767,1
87768,2
87770,2
87771,1
87772,1
87776,1
87777,1
87778,1
87782,1
87785,1
87789,2
87790,1
87791,1
87795,1
87801,1
87810,2
87813,1
87817,1
87820,1
87821,1
87823,1
87827,1
87829,1
87833,1
87836,1
87837,1
87840,1
87841,2
87843,1
87844,1
87846,2
87849,1
87850,1
87851,1
87852,1
87854,1
87855,1
87857,1
87858,1
87859,2
87865,1
87866,1
87868,1
87869,1
87873,1
87878,1
87879,1
87883,1
87884,1
87886,2
87887,1
87888,1
87893,3
87897,1
87900,1
87902,1
87904,1
87907,1
87911,1
87918,1
87923,1
87928,1
87929,1
87930,2
87932,1
87933,1
87938,1
87941,1
87943,1
87947,1
87949,1
87952,1
87953,1
87956,1
87958,1
87959,1
87961,2
87963,1
87964,3
87966,1
87967,1
87970,1
87973,1
87976,1
87978,1
87981,1
87984,1
87985,1
87988,2
87992,1
87995,1
87996,1
88000,1
88001,2
88004,3
88006,1
88007,1
88009,1
88011,1
88012,1
88013,1
88015,1
88019,1
88020,1
88021,2
88022,1
88024,1
88026,1
88027,1
88028,1
88029,1
88031,1
88032,2
88038,1
88039,2
88040,1
88041,3
88043,1
88044,1
88045,3
88046,1
88049,2
88050,2
88052,1
88055,2
88058,1
88059,1
88060,1
88064,1
88066,2
88070,1
88080,2
88084,2
88085,1
88086,1
88088,1
88096,2
88106,2
88108,1
88115,1
88119,2
88120,1
88123,1
88124,1
88126,2
88127,2
88128,1
88130,1
88132,2
88134,1
88138,1
88139,1
88142,1
88143,1
88147,1
88149,1
88151,1
88152,1
88154,1
88155,1
88156,2
88157,2
88158,1
88159,2
88160,1
88163,2
88167,1
88168,1
88170,1
88171,3
88172,1
88173,2
88176,1
88180,1
88181,1
88182,1
88183,1
88186,1
88187,1
88188,1
88190,1
88192,1
88196,1
88197,3
88199,1
88201,1
88202,3
88205,1
88208,1
88210,1
88212,1
88213,1
88217,1
88219,2
88220,2
88225,1
88226,1
88229,1
88234,2
88238,2
88239,2
88240,1
88243,1
88246,1
88248,1
88250,2
88262,1
88263,1
88266,1
88268,2
88272,2
88273,2
88274,1
88277,1
88278,1
88281,1
88283,1
88287,1
88289,2
88293,1
88297,1
88298,2
88300,1
88304,1
88305,1
88307,2
88310,1
88311,2
88314,2
88317,1
88318,1
88319,1
88320,1
88321,2
88325,1
88327,2
88330,1
88331,1
88332,1
88333,2
88336,1
88337,2
88341,2
88342,1
88346,1
88347,1
88348,1
88349,1
88351,2
88360,1
88361,3
88362,2
88365,1
88368,1
88370,1
88373,1
88374,1
88379,1
88381,1
88385,1
88392,1
88393,1
88396,3
88398,2
88403,1
88404,1
88407,2
88409,2
88410,1
88412,1
88415,1
88417,2
88418,2
88419,2
88421,1
88422,1
88427,1
88428,2
88430,2
88433,1
88435,2
88437,1
88440,1
88447,1
88449,1
88450,2
88451,1
88457,1
88458,1
88459,3
88462,1
88463,1
88464,2
88466,1
88469,1
88470,1
88471,1
88472,1
88476,1
88479,3
88481,1
88485,1
88486,1
88488,2
88489,1
88495,2
88496,1
88499,3
88500,1
88502,2
88504,1
88506,1
88511,1
88517,1
88520,1
88525,1
88529,1
88530,1
88531,1
88532,1
88533,1
88534,2
88536,1
88541,1
88542,1
88543,1
88546,1
88547,1
88550,1
88554,1
88555,3
88560,1
88563,3
88565,1
88566,1
88567,1
88569,2
88571,1
88573,1
88574,1
88575,2
88576,1
88580,1
88581,2
88583,1
88585,1
88587,1
88588,1
88589,1
88590,2
88592,1
88594,1
88597,1
88598,1
88603,1
88604,1
88606,1
88607,1
88609,2
88611,1
88613,1
88614,1
88615,1
88617,1
88618,3
88619,1
88621,3
88622,1
88626,2
88630,1
88631,2
88634,1
88635,1
88636,2
88640,2
88641,2
88643,2
88644,1
88646,1
88647,1
88648,2
88649,1
88652,1
88656,3
88657,2
88666,1
88668,1
88669,2
88670,2
88672,1
88673,1
88674,2
88676,1
88677,1
88678,2
88690,1
88691,1
88692,1
88701,1
88703,1
88704,1
88705,1
88707,2
88709,1
88710,1
88711,1
88712,1
88715,1
88719,1
88720,2
88724,1
88727,1
88728,1
88730,1
88731,1
88733,1
88737,1
88741,1
88742,1
88744,1
88750,1
88751,1
88752,1
88754,1
88756,1
88758,1
88760,1
88765,1
88767,1
88768,1
88773,2
88774,1
88776,1
88778,1
88782,1
88784,4
88785,2
88787,2
88789,2
88790,1
88792,1
88795,1
88796,1
88797,1
88799,1
88803,1
88806,1
88807,3
88811,1
88813,2
88814,1
88816,2
88818,2
88819,1
88821,2
88824,1
88828,2
88829,1
88832,1
88834,1
88835,1
88837,1
88838,1
88841,1
88843,1
88847,1
88848,1
88849,1
88852,1
88853,1
88854,2
88855,1
88857,1
88860,2
88861,1
88867,1
88868,2
88870,1
88872,1
88873,1
88875,1
88877,2
88878,1
88882,1
88886,1
88887,1
88888,2
88891,1
88894,1
88897,1
88898,1
88902,1
88903,2
88904,2
88909,2
88911,2
88912,1
88913,2
88916,1
88919,1
88923,1
88927,1
88928,1
88929,2
88930,1
88933,3
88935,1
88936,1
88939,4
88943,2
88946,1
88948,1
88949,1
88950,2
88954,1
88958,2
88960,1
88961,2
88964,1
88965,2
88966,1
88967,1
88969,2
88970,1
88971,1
88972,1
88975,2
88976,3
88978,1
88979,1
88980,1
88981,1
88982,1
88984,1
88985,1
88988,1
88992,1
88993,2
88994,2
88997,2
88998,1
89005,1
89007,1
89008,1
89009,1
89012,1
89015,1
89017,1
89019,1
89020,3
89022,2
89023,1
89024,1
89028,1
89029,1
89031,1
89033,1
89036,1
89042,2
89044,1
89046,1
89049,1
89054,3
89055,1
89057,1
89058,1
89059,2
89062,1
89064,1
89067,1
89070,1
89072,1
89074,1
89077,1
89078,1
89081,1
89083,1
89086,1
89089,1
89093,1
89094,1
89096,1
89097,1
89098,1
89100,1
89103,2
89105,1
89109,1
89110,3
89111,1
89113,1
89116,1
89117,2
89120,2
89125,1
89126,1
89132,1
89134,1
89135,1
89136,1
89138,1
89143,1
89146,2
89148,1
89149,1
89150,1
89151,1
89156,1
89157,1
89160,1
89161,1
89162,3
89163,2
89164,1
89165,1
89166,3
89170,1
89171,2
89172,2
89174,1
89175,1
89177,2
89184,5
89185,1
89186,1
89189,1
89190,1
89191,1
89199,1
89200,2
89201,1
89202,1
89209,1
89210,2
89212,2
89215,1
89216,1
89221,1
89222,1
89225,1
89235,1
89237,2
89242,3
89245,1
89247,1
89249,1
89250,2
89252,2
89254,2
89256,2
89258,1
89259,1
89264,2
89269,1
89271,1
89273,1
89275,1
89278,1
89281,1
89282,1
89287,2
89291,1
89292,1
89293,1
89295,1
89298,1
89303,2
89304,2
89310,1
89311,1
89312,1
89315,1
89319,1
89320,1
89322,3
89324,1
89326,1
89330,1
89331,1
89334,1
89335,1
89339,1
89340,2
89341,3
89343,1
89346,1
89347,1
89348,1
89349,2
89350,2
89351,1
89352,1
89354,1
89355,1
89356,2
89358,1
89360,1
89361,1
89365,2
89366,1
89368,2
89377,1
89378,1
89379,2
89382,3
89383,1
89384,1
89387,2
89390,1
89392,1
89393,1
89394,1
89399,1
89400,1
89401,1
89402,1
89403,1
89405,1
89407,1
89409,2
89410,2
89411,1
89414,1
89419,2
89424,1
89427,1
89429,2
89430,1
89431,1
89433,1
89441,1
89445,1
89446,1
89451,2
89452,2
89453,1
89455,1
89457,1
89460,1
89461,1
89464,1
89465,1
89468,1
89470,1
89471,1
89472,1
89477,1
89480,3
89483,2
89486,1
89493,1
89494,1
89497,1
89503,1
89504,2
89505,1
89506,2
89509,2
89510,2
89513,2
89514,1
89516,1
89517,1
89520,1
89521,1
89522,1
89523,2
89525,1
89529,1
89530,2
89536,2
89538,1
89540,2
89541,1
89542,2
89543,1
89547,1
89549,1
89550,1
89559,1
89560,1
89566,1
89567,1
89568,2
89569,3
89570,1
89572,1
89574,1
89576,1
89577,1
89582,1
89583,2
89586,1
89587,1
89589,1
89590,1
89592,1
89596,1
89597,1
89600,1
89601,1
89602,1
89603,5
89605,2
89606,1
89608,1
89612,1
89614,1
89618,1
89619,1
89621,2
89622,1
89624,1
89625,2
89627,2
89629,1
89632,1
89634,1
89640,1
89641,1
89648,3
89649,1
89658,1
89660,1
89662,1
89664,1
89665,2
89666,1
89667,2
89668,1
89669,1
89670,1
89672,2
89673,1
89678,1
89679,1
89680,2
89683,1
89685,2
89690,1
89694,2
89697,1
89701,1
89705,2
89707,1
89711,1
89712,1
89715,2
89716,1
89717,1
89718,1
89722,1
89726,1
89732,1
89740,1
89741,1
89742,1
89744,2
89745,2
89746,1
89752,1
89753,1
89759,1
89762,2
89764,1
89765,1
89770,1
89771,1
89772,1
89775,1
89777,1
89778,1
89781,1
89784,2
89785,1
89787,1
89793,1
89799,1
89800,1
89807,1
89808,1
89809,1
89811,2
89813,1
89814,1
89815,1
89816,2
89819,1
89823,1
89824,1
89834,1
89839,1
89840,1
89841,1
89851,3
89852,1
89856,1
89858,1
89860,1
89863,1
89866,1
89867,1
89871,1
89872,2
89874,2
89876,1
89877,1
89879,1
89883,2
89885,1
89887,1
89888,2
89891,1
89893,1
89897,1
89909,2
89910,2
89913,2
89915,3
89918,1
89923,1
89929,1
89934,1
89937,3
89940,1
89943,1
89949,1
89950,1
89953,1
89954,2
89956,1
89960,2
89962,1
89963,1
89965,1
89967,1
89968,1
89970,1
89971,2
89972,1
89973,2
89975,1
89980,1
89981,1
89983,1
89985,3
89988,3
89990,2
89993,1
89994,1
89995,1
89996,1
89997,2
89998,1
90000,3
90001,1
90002,1
90006,1
90007,2
90008,1
90010,1
90011,1
90012,1
90015,1
90016,1
90020,1
90021,1
90022,1
90023,1
90024,1
90029,1
90030,1
90032,2
90033,1
90034,1
90040,1
90041,1
90042,1
90044,1
90048,1
90049,2
90052,1
90053,2
90054,1
90055,1
90057,1
90058,1
90060,1
90061,1
90062,1
90065,1
90069,1
90072,1
90073,1
90080,2
90082,1
90086,2
90088,1
90089,1
90094,1
90099,1
90102,1
90106,1
90107,1
90108,4
90111,1
90112,1
90113,1
90115,1
90117,1
90129,1
90130,1
90131,2
90132,1
90136,1
90138,1
90139,3
90145,1
90146,1
90147,2
90149,1
90150,1
90151,1
90154,1
90158,1
90159,1
90163,2
90164,1
90165,2
90170,1
90171,3
90172,2
90173,2
90174,4
90177,2
90178,1
90181,1
90183,2
90184,1
90186,1
90188,3
90189,1
90190,1
90191,2
90198,1
90200,1
90202,1
90205,1
90212,1
90213,2
90214,2
90215,1
90220,2
90222,2
90223,2
90225,1
90229,3
90232,3
90234,3
90235,2
90236,2
90237,1
90240,1
90241,1
90244,1
90245,1
90246,2
90249,1
90250,2
90252,1
90254,1
90255,2
90262,1
90265,1
90266,2
90269,2
90271,1
90272,1
90275,2
90279,1
90283,1
90291,1
90292,1
90296,1
90297,1
90299,1
90303,2
90306,2
90310,1
90311,1
90318,1
90321,1
90322,1
90326,1
90329,1
90330,1
90331,1
90333,1
90336,1
90337,1
90338,1
90342,1
90343,1
90344,1
90347,1
90348,1
90350,1
90351,1
90361,1
90363,2
90368,1
90370,1
90371,1
90377,1
90380,2
90381,1
90385,1
90387,1
90390,1
90391,1
90393,1
90394,1
90395,1
90396,1
90397,1
90399,1
90400,1
90401,1
90402,2
90403,2
90404,1
90406,1
90407,1
90411,1
90412,1
90416,1
90417,1
90422,1
90435,1
90438,1
90441,1
90442,1
90443,1
90447,1
90453,1
90454,1
90457,1
90461,2
90463,1
90467,1
90469,1
90470,1
90472,1
90475,1
90476,1
90481,2
90484,2
90488,2
90489,1
90490,1
90491,1
90492,1
90498,2
90502,1
90504,1
90509,1
90510,2
90517,1
90518,1
90524,1
90525,2
90526,1
90534,1
90539,2
90543,3
90544,1
90545,2
90549,1
90550,1
90552,2
90558,1
90560,2
90565,1
90566,1
90570,1
90574,1
90577,2
90580,1
90581,1
90583,1
90584,1
90585,2
90587,1
90588,1
90592,4
90593,1
90598,1
90601,1
90604,1
90606,2
90607,1
90608,1
90611,1
90615,2
90618,1
90620,1
90622,1
90623,2
90625,1
90626,1
90631,1
90636,1
90638,3
90639,2
90641,1
90643,1
90644,1
90646,1
90647,2
90651,1
90652,2
90657,1
90658,2
90659,1
90660,2
90661,2
90668,1
90670,1
90671,1
90673,1
90674,3
90676,1
90677,1
90682,2
90683,1
90684,2
90685,2
90686,2
90687,1
90688,1
90690,3
90693,1
90694,1
90695,1
90699,2
90701,2
90708,2
90712,2
90720,1
90721,1
90724,1
90728,1
90729,2
90730,1
90731,1
90736,1
90738,1
90740,1
90742,4
90743,1
90745,1
90748,1
90751,1
90752,2
90753,1
90757,1
90764,3
90765,2
90767,1
90768,1
90770,1
90772,1
90773,2
90778,2
90780,1
90781,1
90783,1
90784,1
90785,1
90790,1
90792,1
90793,2
90795,1
90796,1
90800,1
90801,1
90807,2
90808,1
90810,1
90812,1
90813,1
90814,1
90817,1
90818,1
90822,1
90823,1
90825,2
90828,1
90834,1
90835,2
90837,1
90838,2
90839,1
90840,1
90842,1
90848,1
90854,1
90857,1
90858,2
90859,1
90860,2
90861,1
90862,1
90878,1
90879,1
90881,1
90885,1
90886,2
90894,1
90896,1
90903,2
90905,1
90907,1
90913,3
90916,1
90918,1
90919,2
90922,1
90927,1
90929,1
90930,1
90933,3
90934,1
90938,1
90939,1
90940,1
90944,1
90946,1
90948,1
90951,1
90960,1
90964,1
90967,1
90970,1
90972,1
90973,1
90976,1
90978,1
90980,1
90981,1
90983,2
90989,1
90992,1
90994,1
90995,1
90998,1
91003,1
91004,1
91005,1
91006,1
91008,3
91012,1
91013,1
91015,1
91017,3
91018,1
91020,2
91022,1
91023,1
91024,1
91027,1
91029,1
91030,1
91035,1
91036,1
91037,1
91040,1
91041,1
91045,2
91046,1
91049,1
91053,1
91054,1
91055,1
91056,2
91057,1
91060,1
91062,1
91064,2
91071,1
91076,1
91078,1
91082,2
91084,1
91087,1
91091,1
91094,1
91099,1
91102,1
91103,1
91104,2
91106,1
91107,2
91108,1
91109,2
91113,1
91114,1
91118,1
91120,1
91130,1
91134,1
91140,1
91145,1
91146,1
91147,1
91152,1
91153,1
91165,2
91167,1
91168,2
91169,1
91170,2
91173,2
91175,1
91177,1
91178,1
91179,1
91183,1
91185,1
91191,2
91192,1
91193,1
91197,2
91200,3
91204,1
91208,1
91209,2
91210,1
91212,1
91213,1
91214,1
91215,1
91216,1
91218,2
91219,1
91220,1
91221,1
91222,1
91224,1
91231,1
91234,1
91235,1
91237,1
91240,1
91241,1
91243,1
91245,1
91246,1
91248,1
91250,1
91252,1
91253,1
91254,1
91260,2
91261,1
91265,1
91267,1
91271,1
91275,2
91276,2
91277,2
91278,1
91281,1
91283,3
91284,1
91285,1
91286,1
91291,1
91295,1
91297,1
91299,2
91301,1
91305,1
91308,1
91310,1
91314,1
91320,1
91321,2
91322,1
91323,1
91324,2
91325,1
91326,1
91328,2
91329,1
91334,1
91336,1
91337,1
91340,1
91341,1
91343,2
91346,2
91347,1
91350,2
91351,1
91355,4
91360,2
91364,1
91366,3
91369,1
91373,1
91376,1
91379,1
91380,1
91381,1
91388,1
91390,2
91393,1
91395,1
91397,1
91400,1
91403,1
91404,1
91405,1
91410,1
91419,1
91421,1
91424,1
91429,1
91432,1
91433,1
91435,2
91437,2
91440,1
91441,1
91442,2
91443,2
91444,3
91445,1
91446,1
91447,1
91448,1
91450,3
91455,1
91456,3
91460,1
91461,1
91462,1
91463,1
91465,1
91470,2
91478,2
91479,1
91481,1
91486,1
91488,2
91489,1
91490,1
91491,1
91492,1
91493,2
91496,1
91499,2
91500,2
91502,3
91509,1
91512,2
91518,1
91519,1
91524,2
91525,1
91526,1
91527,1
91528,1
91529,2
91530,1
91532,2
91533,1
91536,1
91540,1
91542,1
91544,2
91545,1
91548,2
91552,1
91554,1
91555,1
91562,1
91564,1
91566,1
91568,1
91570,2
91571,1
91577,2
91582,2
91583,1
91584,1
91587,4
91589,1
91593,1
91594,2
91595,1
91596,3
91601,2
91602,1
91604,1
91605,2
91606,1
91607,1
91608,1
91610,1
91611,2
91614,1
91620,2
91627,1
91633,1
91635,1
91640,1
91641,1
91644,2
91646,1
91647,1
91654,2
91655,1
91658,1
91665,2
91666,1
91667,1
91668,2
91669,1
91671,1
91672,2
91673,1
91676,1
91677,1
91679,1
91680,1
91688,1
91689,2
91693,1
91694,1
91695,2
91700,1
91702,1
91708,1
91709,3
91713,2
91714,2
91716,1
91717,1
91721,1
91723,1
91727,2
91729,1
91733,2
91735,1
91736,1
91737,1
91738,2
91739,1
91741,1
91742,2
91745,1
91752,1
91753,1
91754,1
91755,1
91760,1
91762,1
91766,2
91767,1
91772,1
91773,1
91774,1
91780,1
91783,1
91786,1
91789,1
91790,1
91792,1
91794,1
91795,1
91796,1
91797,1
91798,1
91799,2
91800,1
91804,2
91808,1
91810,1
91818,1
91827,1
91829,1
91830,1
91831,2
91834,1
91835,1
91838,1
91841,1
91842,1
91844,2
91845,1
91846,1
91849,1
91850,4
91853,1
91859,2
91860,1
91864,2
91869,1
91870,1
91871,1
91872,3
91873,3
91875,1
91877,1
91878,1
91880,1
91883,1
91884,1
91885,2
91887,1
91888,2
91889,1
91890,1
91894,2
91896,1
91898,2
91903,1
91904,1
91905,1
91906,1
91907,1
91908,2
91909,2
91910,2
91915,2
91918,1
91919,1
91923,1
91925,2
91926,1
91930,2
91936,1
91939,1
91940,2
91943,1
91945,1
91946,1
91947,1
91948,1
91949,1
91950,1
91952,1
91954,1
91956,2
91963,2
91964,1
91967,1
91968,1
91971,1
91972,1
91973,1
91974,3
91975,1
91981,2
91984,1
91985,1
91987,2
91989,1
91992,2
91993,1
91999,1
92000,1
92001,2
92002,1
92003,1
92006,1
92007,1
92010,1
92013,1
92016,1
92019,1
92023,1
92026,1
92029,1
92035,1
92039,2
92040,1
92046,1
92048,1
92049,2
92050,2
92055,1
92061,1
92064,2
92065,1
92067,1
92069,1
92070,1
92072,1
92075,1
92080,3
92086,1
92096,1
92098,1
92100,1
92103,2
92105,1
92106,2
92107,1
92110,3
92112,1
92113,1
92117,1
92122,1
92126,1
92130,2
92132,2
92133,1
92136,1
92137,3
92138,1
92142,1
92143,1
92144,1
92146,1
92148,3
92153,2
92159,1
92160,2
92161,1
92166,2
92169,1
92172,1
92175,1
92177,2
92180,1
92181,1
92183,2
92188,1
92189,1
92191,1
92194,1
92195,3
92196,1
92197,1
92198,2
92200,1
92201,1
92203,1
92208,1
92209,2
92210,1
92211,1
92213,2
92214,1
92217,1
92218,1
92219,1
92220,1
92224,1
92226,1
92231,1
92233,2
92235,1
92237,1
92241,2
92242,1
92243,1
92244,1
92247,1
92249,1
92251,2
92254,1
92258,1
92259,1
92263,1
92265,2
92266,2
92267,1
92271,1
92274,2
92276,1
92278,3
92279,1
92280,1
92282,2
92285,1
92287,2
92288,2
92291,2
92295,1
92302,1
92304,2
92305,1
92307,1
92312,3
92314,1
92315,1
92317,1
92318,1
92320,1
92321,2
92322,1
92324,1
92326,2
92328,2
92329,2
92330,1
92331,1
92334,1
92337,1
92340,2
92342,2
92347,1
92348,1
92350,1
92351,1
92352,2
92353,2
92354,1
92356,1
92357,2
92359,1
92365,1
92370,1
92371,1
92374,2
92375,1
92376,1
92377,1
92379,1
92385,1
92386,2
92388,1
92389,2
92390,3
92392,2
92395,1
92396,2
92397,1
92399,2
92404,1
92405,1
92406,1
92407,2
92409,1
92416,1
92418,1
92419,1
92424,1
92425,1
92426,1
92428,1
92436,1
92437,1
92438,1
92442,1
92443,1
92444,1
92445,1
92446,1
92449,3
92457,1
92460,1
92465,1
92467,1
92470,2
92471,1
92474,1
92477,1
92479,1
92480,1
92481,1
92484,2
92486,1
92487,1
92490,1
92491,2
92492,2
92493,2
92494,1
92499,1
92502,1
92505,1
92507,2
92511,1
92512,2
92514,1
92516,2
92517,1
92518,2
92519,1
92521,1
92523,2
92525,1
92528,3
92529,2
92533,1
92535,1
92536,1
92542,1
92545,1
92551,1
92552,1
92553,1
92554,1
92556,1
92557,1
92560,1
92561,3
92563,3
92564,1
92565,1
92567,1
92570,3
92575,1
92576,1
92578,1
92583,1
92584,1
92585,1
92588,2
92589,1
92592,1
92593,1
92594,1
92597,2
92601,2
92603,2
92604,1
92609,1
92610,1
92611,3
92615,1
92616,1
92618,1
92620,1
92621,1
92622,1
92624,1
92627,1
92629,1
92630,1
92632,1
92637,2
92642,1
92645,1
92648,1
92656,1
92658,1
92660,1
92661,1
92665,1
92666,1
92671,1
92672,1
92675,1
92676,1
92677,1
92681,2
92683,1
92684,1
92685,1
92687,1
92688,1
92690,1
92691,1
92693,3
92694,2
92695,1
92696,1
92697,1
92700,1
92703,1
92705,1
92709,1
92711,1
92719,1
92720,2
92721,1
92723,2
92724,2
92725,2
92726,2
92731,1
92732,1
92738,1
92739,1
92743,1
92746,1
92750,2
92754,1
92755,1
92758,2
92762,1
92763,1
92765,1
92770,1
92771,1
92772,1
92774,1
92776,1
92778,1
92779,1
92782,2
92785,1
92786,2
92788,1
92789,1
92790,1
92791,1
92796,1
92801,1
92802,2
92803,2
92804,1
92805,1
92809,2
92810,1
92819,1
92821,2
92822,1
92825,2
92829,1
92832,1
92835,2
92836,1
92840,1
92841,1
92842,3
92845,1
92850,1
92856,2
92857,1
92860,1
92861,1
92862,1
92864,1
92869,1
92871,1
92872,2
92873,1
92874,1
92876,1
92877,1
92878,2
92879,2
92887,1
92893,1
92894,1
92895,1
92901,1
92902,1
92904,1
92912,1
92917,1
92920,2
92921,1
92922,1
92923,3
92926,1
92932,1
92934,1
92937,1
92940,1
92942,1
92943,1
92945,1
92949,1
92950,2
92952,2
92953,1
92955,1
92956,2
92959,2
92960,1
92962,2
92966,1
92968,1
92970,1
92971,1
92972,1
92975,2
92976,1
92977,1
92980,1
92981,1
92982,1
92983,1
92985,1
92988,1
92989,1
92992,3
92993,1
92998,2
93000,2
93001,3
93003,1
93005,1
93006,2
93008,1
93018,1
93019,1
93020,2
93022,1
93027,2
93028,1
93029,2
93035,1
93037,1
93041,2
93044,1
93045,3
93046,1
93049,1
93053,1
93057,3
93059,1
93062,2
93066,1
93067,3
93070,1
93072,3
93078,1
93080,1
93083,1
93084,1
93088,1
93091,1
93092,2
93096,1
93098,1
93099,2
93101,2
93102,1
93104,1
93106,1
93110,1
93114,1
93115,1
93116,1
93117,1
93118,1
93124,2
93126,1
93130,1
93134,1
93135,1
93139,2
93140,1
93142,1
93144,1
93148,1
93149,1
93152,1
93155,1
93158,2
93164,1
93165,1
93168,2
93169,1
93170,2
93171,3
93173,2
93176,1
93177,1
93184,1
93188,1
93189,2
93195,1
93201,1
93206,1
93209,1
93214,1
93216,1
93220,3
93222,2
93223,1
93224,1
93225,1
93226,2
93227,1
93228,1
93230,2
93234,1
93235,2
93237,1
93240,1
93243,2
93245,3
93247,1
93252,1
93254,1
93256,1
93257,1
93259,2
93260,1
93261,1
93262,2
93266,1
93268,1
93270,1
93271,2
93273,1
93274,1
93275,1
93280,1
93284,1
93285,1
93287,2
93289,3
93292,1
93298,2
93300,1
93301,1
93303,1
93305,1
93307,1
93310,2
93316,2
93317,2
93318,1
93319,1
93321,1
93322,1
93325,1
93326,2
93327,1
93328,1
93334,2
93336,1
93338,1
93342,4
93343,1
93347,1
93348,1
93358,2
93359,1
93361,1
93362,1
93364,3
93366,1
93368,1
93376,2
93377,1
93381,2
93383,2
93386,1
93387,3
93388,1
93389,1
93390,1
93392,2
93395,1
93396,2
93398,1
93399,1
93400,2
93410,1
93411,1
93413,1
93423,1
93424,2
93425,1
93426,1
93427,1
93430,2
93438,1
93440,1
93442,2
93443,1
93444,1
93445,1
93449,1
93454,2
93455,2
93456,1
93457,1
93461,1
93462,2
93465,1
93467,2
93469,2
93470,1
93473,1
93476,1
93477,1
93479,1
93482,2
93486,1
93491,1
93493,1
93495,1
93496,1
93497,1
93498,1
93503,2
93507,1
93510,1
93511,1
93512,1
93513,3
93514,1
93516,1
93517,2
93518,1
93519,1
93520,1
93522,2
93523,1
93524,1
93526,2
93528,2
93530,2
93532,2
93534,1
93535,1
93536,4
93541,1
93542,1
93544,1
93546,1
93552,1
93554,1
93560,1
93564,1
93566,2
93567,1
93573,3
93577,1
93584,1
93588,1
93592,1
93593,1
93595,2
93596,1
93597,1
93599,1
93602,2
93604,1
93605,1
93606,1
93607,1
93609,1
93610,1
93612,1
93615,1
93616,1
93621,2
93623,1
93624,2
93626,1
93627,2
93628,2
93629,1
93630,1
93631,1
93632,3
93641,1
93645,2
93647,1
93649,1
93651,1
93652,1
93653,1
93655,1
93658,1
93662,1
93663,2
93664,2
93667,1
93668,1
93670,1
93672,1
93674,1
93675,1
93676,2
93677,1
93678,4
93680,2
93682,1
93685,2
93686,1
93688,1
93689,1
93691,2
93696,1
93697,1
93699,1
93701,1
93702,1
93703,1
93704,3
93706,1
93707,2
93709,1
93712,1
93716,1
93717,1
93718,1
93724,1
93725,1
93726,1
93727,1
93728,2
93733,1
93736,1
93737,1
93738,1
93741,1
93742,2
93746,1
93748,1
93749,2
93753,2
93754,1
93756,1
93758,2
93761,1
93762,1
93763,2
93764,1
93767,2
93771,1
93772,1
93773,1
93774,2
93775,2
93777,2
93780,1
93781,3
93782,1
93783,2
93784,1
93785,1
93786,1
93792,2
93794,1
93796,2
93797,2
93798,1
93801,1
93803,1
93812,1
93813,1
93816,2
93823,1
93825,1
93826,1
93829,3
93830,2
93831,1
93832,1
93833,1
93836,1
93838,1
93841,2
93845,1
93847,1
93849,1
93850,2
93858,1
93860,1
93861,1
93862,1
93863,1
93865,1
93866,1
93867,1
93868,1
93869,1
93870,1
93871,1
93875,1
93876,2
93877,2
93878,1
93881,1
93883,1
93888,1
93890,1
93891,1
93896,2
93898,1
93902,2
93903,1
93904,2
93907,1
93908,1
93909,1
93911,3
93914,1
93916,1
93917,2
93919,1
93924,1
93925,1
93928,1
93929,1
93930,1
93931,1
93934,2
93937,2
93938,1
93939,3
93944,1
93947,1
93949,3
93950,1
93951,1
93953,1
93962,1
93968,1
93981,1
93984,1
93986,1
93987,1
93994,1
93995,1
93997,1
93999,1
94002,1
94003,1
94008,1
94009,2
94011,2
94013,1
94016,1
94020,1
94021,1
94024,2
94025,1
94028,2
94029,1
94032,1
94040,1
94049,2
94053,1
94055,1
94058,2
94064,3
94069,1
94070,1
94071,1
94072,3
94073,2
94075,2
94078,2
94082,2
94085,1
94091,4
94094,2
94096,1
94100,1
94101,1
94104,1
94105,1
94108,1
94109,1
94112,2
94114,1
94116,3
94117,2
94118,1
94120,1
94126,1
94133,1
94136,1
94141,2
94144,1
94145,1
94146,1
94148,1
94149,1
94151,2
94152,1
94153,1
94155,2
94157,1
94162,1
94163,1
94167,1
94169,2
94170,2
94173,1
94177,1
94178,1
94182,1
94183,1
94184,2
94185,2
94187,1
94190,1
94192,1
94195,2
94196,2
94197,1
94199,1
94200,1
94203,2
94209,1
94214,1
94216,1
94218,1
94221,1
94223,1
94224,1
94225,2
94229,2
94231,1
94232,1
94233,1
94234,1
94238,1
94240,2
94242,1
94244,1
94245,2
94248,2
94252,2
94259,1
94262,2
94266,1
94267,1
94269,1
94271,1
94272,1
94273,2
94278,1
94280,2
94282,1
94284,2
94288,1
94289,1
94290,2
94291,1
94293,3
94294,1
94296,1
94297,1
94299,2
94302,1
94306,2
94318,1
94320,2
94322,2
94323,1
94329,1
94331,1
94332,1
94333,1
94334,1
94342,1
94345,1
94347,1
94348,1
94354,1
94356,1
94357,1
94358,4
94362,1
94364,2
94366,1
94367,1
94368,1
94369,1
94370,2
94371,2
94373,1
94374,1
94376,1
94378,1
94380,1
94389,1
94391,1
94396,1
94398,1
94401,1
94402,1
94404,1
94406,2
94407,1
94408,1
94411,2
94412,1
94415,1
94420,2
94423,1
94426,1
94428,2
94429,1
94433,1
94436,1
94440,1
94443,1
94444,1
94448,1
94452,1
94453,2
94455,1
94458,1
94459,1
94463,1
94464,1
94467,1
94468,1
94469,2
94472,1
94480,1
94486,2
94487,1
94493,1
94494,1
94495,1
94496,1
94497,1
94498,1
94501,1
94503,1
94504,2
94505,1
94508,2
94509,1
94513,1
94514,1
94518,1
94519,1
94521,1
94522,1
94523,2
94524,2
94525,1
94527,1
94531,1
94535,1
94536,2
94538,1
94543,1
94544,1
94545,1
94546,3
94547,1
94548,1
94554,2
94555,2
94556,1
94557,2
94558,1
94559,1
94563,1
94564,2
94569,1
94578,1
94580,1
94581,1
94586,1
94588,2
94589,1
94590,1
94595,2
94598,2
94603,2
94607,2
94610,1
94611,2
94614,1
94616,3
94617,2
94618,1
94619,1
94620,2
94626,2
94628,1
94634,2
94635,1
94643,1
94644,1
94645,1
94648,1
94649,2
94650,1
94651,1
94652,1
94653,1
94654,2
94655,2
94657,1
94658,1
94665,1
94666,1
94668,2
94669,1
94672,1
94674,1
94678,1
94680,3
94683,1
94684,3
94685,1
94688,1
94691,3
94692,1
94695,1
94696,1
94697,1
94701,1
94702,1
94704,2
94705,1
94709,1
94711,1
94712,1
94713,1
94714,1
94716,2
94717,1
94718,1
94720,1
94721,1
94723,1
94726,1
94728,1
94729,1
94730,1
94731,2
94732,2
94733,1
94740,1
94741,1
94745,1
94746,1
94747,3
94752,1
94753,1
94756,3
94758,2
94759,1
94760,1
94762,1
94764,2
94768,1
94769,2
94770,1
94771,1
94773,2
94776,1
94778,1
94782,1
94783,1
94785,1
94787,1
94793,1
94797,1
94799,1
94802,1
94803,1
94806,2
94810,1
94811,1
94815,1
94816,1
94819,3
94821,1
94822,1
94824,1
94825,1
94826,1
94828,1
94833,1
94834,1
94837,1
94841,1
94843,1
94845,2
94846,1
94850,2
94851,1
94853,1
94857,1
94859,1
94862,1
94863,1
94867,1
94868,1
94870,2
94873,1
94874,1
94881,4
94882,1
94883,1
94884,1
94885,1
94886,1
94890,2
94892,1
94896,1
94897,1
94900,1
94903,1
94910,1
94915,1
94917,1
94920,1
94922,2
94924,1
94928,1
94932,2
94933,1
94937,1
94940,1
94941,2
94943,1
94945,1
94946,2
94948,1
94949,1
94952,1
94954,2
94955,1
94963,1
94964,1
94968,1
94970,1
94971,1
94972,1
94974,1
94975,1
94976,1
94977,1
94979,1
94980,1
94981,1
94982,1
94985,1
94986,1
94987,1
94989,1
94990,1
94994,2
94995,2
95002,2
95003,2
95004,1
95005,1
95009,2
95011,1
95012,1
95014,1
95015,1
95016,2
95017,1
95018,1
95019,1
95021,2
95022,1
95024,3
95025,1
95027,2
95028,1
95029,1
95034,1
95035,1
95041,1
95043,1
95044,1
95047,1
95048,1
95049,1
95050,3
95055,1
95060,2
95062,1
95063,2
95067,1
95069,1
95071,1
95072,2
95077,1
95078,1
95079,1
95081,1
95083,1
95085,1
95088,1
95090,1
95092,1
95094,2
95098,1
95103,2
95104,1
95105,2
95109,2
95110,1
95111,2
95112,1
95125,1
95129,2
95130,2
95132,1
95133,1
95138,1
95141,1
95142,1
95145,1
95146,1
95147,1
95149,2
95160,2
95161,1
95168,2
95170,1
95173,2
95174,1
95176,1
95177,1
95179,3
95182,1
95186,2
95187,1
95188,1
95193,2
95196,1
95200,1
95201,1
95203,1
95204,1
95211,2
95212,1
95213,2
95220,4
95221,2
95223,1
95226,1
95227,1
95228,2
95229,1
95231,1
95233,1
95234,1
95237,2
95238,1
95246,1
95248,2
95249,1
95253,1
95254,1
95255,1
95260,1
95261,1
95265,1
95266,1
95267,2
95269,1
95271,1
95276,1
95280,2
95283,1
95287,2
95289,3
95290,1
95291,1
95293,1
95294,1
95298,1
95301,1
95302,3
95304,2
95305,1
95307,1
95308,1
95309,2
95310,1
95311,2
95312,1
95313,2
95319,1
95320,1
95322,1
95323,1
95326,2
95327,1
95329,1
95330,1
95333,3
95335,2
95340,1
95342,1
95343,1
95347,1
95349,2
95352,1
95355,2
95357,1
95358,1
95359,1
95364,1
95365,2
95368,4
95371,1
95373,3
95384,1
95386,2
95387,1
95388,1
95389,1
95391,1
95393,2
95395,2
95397,1
95399,2
95400,1
95401,2
95402,1
95403,1
95406,1
95407,1
95408,1
95409,2
95411,1
95412,1
95413,1
95416,1
95417,1
95418,3
95421,1
95423,1
95424,1
95428,1
95431,1
95433,1
95437,1
95441,1
95443,2
95445,2
95446,2
95447,2
95449,3
95452,2
95455,1
95459,1
95460,1
95461,1
95467,1
95468,1
95469,1
95470,1
95472,2
95473,3
95476,1
95481,1
95482,1
95484,1
95485,1
95486,2
95487,2
95488,3
95492,1
95493,1
95494,2
95497,2
95498,4
95499,2
95500,1
95503,1
95504,3
95507,2
95508,1
95512,1
95520,1
95525,1
95526,1
95527,1
95530,2
95531,1
95532,1
95533,1
95534,1
95535,1
95538,1
95540,1
95542,2
95544,2
95545,2
95546,1
95547,1
95548,1
95549,1
95554,1
95563,1
95564,1
95565,1
95568,1
95572,1
95573,4
95576,1
95579,2
95580,1
95581,3
95583,1
95585,2
95586,1
95590,1
95592,2
95598,3
95600,1
95601,1
95609,2
95610,1
95615,1
95616,1
95618,1
95619,2
95621,1
95622,1
95623,1
95628,2
95632,2
95636,1
95637,1
95638,1
95639,1
95640,1
95641,1
95645,2
95647,1
95650,1
95651,1
95652,1
95654,1
95657,1
95662,1
95663,1
95664,1
95665,1
95669,3
95686,1
95689,1
95692,2
95695,1
95700,2
95701,1
95703,1
95704,1
95705,2
95707,1
95709,1
95710,1
95711,2
95712,1
95713,2
95714,1
95715,3
95717,1
95719,1
95721,2
95722,2
95723,1
95724,1
95725,1
95726,1
95727,2
95738,1
95739,1
95740,1
95742,1
95743,1
95744,3
95750,2
95754,1
95755,1
95764,2
95765,1
95769,1
95771,2
95772,1
95774,2
95775,2
95776,3
95779,1
95781,1
95783,1
95784,2
95786,1
95797,1
95798,1
95800,1
95801,1
95802,3
95803,2
95804,1
95807,1
95808,1
95810,1
95811,1
95816,1
95818,1
95820,1
95822,1
95823,1
95824,1
95825,1
95827,1
95829,1
95830,1
95831,1
95837,1
95839,3
95840,2
95841,1
95847,1
95849,1
95853,1
95854,3
95856,1
95857,2
95859,1
95860,1
95861,1
95862,1
95864,1
95868,1
95869,1
95870,1
95872,1
95878,1
95880,1
95882,1
95883,1
95886,2
95888,2
95890,3
95893,2
95894,2
95897,1
95900,1
95904,1
95908,2
95910,1
95912,2
95914,1
95915,1
95917,1
95919,1
95928,2
95931,1
95933,1
95934,2
95936,2
95937,1
95940,2
95942,1
95949,1
95951,1
95952,2
95954,1
95956,1
95957,2
95959,1
95961,1
95965,2
95966,1
95968,1
95972,1
95974,1
95976,1
95978,2
95979,2
95981,1
95984,1
95987,1
95989,2
95990,1
95995,2
95999,1
96000,2
96004,1
96006,1
96010,1
96011,1
96012,1
96016,1
96018,2
96019,2
96020,2
96021,1
96023,1
96027,1
96032,1
96033,1
96034,1
96037,2
96039,1
96040,2
96041,1
96042,1
96043,1
96045,1
96046,3
96055,1
96056,2
96060,1
96061,2
96064,1
96065,1
96066,2
96073,2
96080,1
96081,1
96082,1
96086,1
96087,1
96089,1
96091,2
96092,1
96096,1
96097,1
96099,1
96100,2
96101,2
96102,1
96113,2
96114,1
96116,1
96117,1
96121,1
96122,2
96123,1
96125,1
96128,1
96130,1
96131,1
96132,1
96136,1
96137,1
96142,1
96143,1
96147,1
96150,1
96154,1
96158,2
96161,1
96170,1
96171,1
96174,1
96179,1
96180,1
96181,1
96183,2
96185,1
96186,1
96189,1
96190,1
96192,1
96193,1
96196,1
96202,1
96204,2
96205,1
96207,1
96210,1
96211,1
96212,1
96213,1
96219,2
96220,1
96222,1
96226,1
96229,2
96230,1
96234,1
96242,1
96243,2
96244,1
96247,3
96249,1
96253,1
96255,1
96256,2
96257,1
96259,1
96263,1
96265,2
96267,1
96271,1
96275,1
96276,1
96277,2
96279,1
96281,1
96286,1
96289,2
96290,1
96291,1
96298,1
96301,1
96303,2
96309,1
96313,1
96315,2
96319,1
96323,2
96324,1
96326,2
96328,2
96329,1
96330,1
96332,1
96336,2
96339,2
96342,1
96344,1
96345,1
96347,2
96349,1
96351,1
96354,1
96357,1
96362,1
96364,1
96366,1
96367,2
96368,1
96371,1
96372,1
96375,2
96378,1
96381,2
96382,3
96384,2
96385,1
96387,1
96390,1
96391,1
96396,1
96398,3
96399,1
96401,1
96402,1
96403,1
96404,1
96405,2
96406,1
96408,1
96409,1
96416,1
96421,2
96425,1
96426,2
96428,1
96433,2
96435,1
96436,1
96442,2
96444,1
96445,1
96446,2
96451,1
96452,1
96458,1
96460,2
96461,2
96464,1
96465,1
96467,3
96470,1
96471,1
96472,2
96474,2
96475,1
96476,1
96477,2
96480,1
96483,1
96489,2
96492,1
96498,1
96503,1
96505,1
96508,1
96509,3
96510,1
96511,2
96513,2
96519,1
96521,1
96522,1
96523,2
96534,1
96535,1
96541,2
96544,3
96545,1
96546,1
96548,1
96550,1
96552,1
96554,2
96555,3
96557,2
96559,1
96563,1
96567,2
96571,2
96577,1
96584,1
96585,1
96586,1
96587,1
96588,2
96591,1
96592,2
96595,1
96598,1
96610,3
96611,2
96620,1
96627,3
96630,1
96632,2
96633,1
96634,1
96635,2
96638,3
96639,1
96642,1
96643,1
96645,2
96646,1
96649,1
96650,2
96651,1
96652,1
96653,1
96655,1
96656,1
96657,1
96660,1
96661,1
96663,1
96664,1
96665,1
96666,3
96667,1
96669,1
96671,1
96672,1
96674,1
96675,2
96677,1
96678,2
96683,3
96686,2
96687,1
96689,1
96692,2
96693,1
96696,1
96697,1
96700,1
96702,2
96703,1
96705,1
96707,1
96710,1
96718,1
96722,1
96723,1
96724,3
96725,1
96726,1
96727,1
96728,1
96735,1
96738,2
96739,2
96745,1
96748,1
96750,2
96751,1
96752,1
96755,2
96757,1
96758,1
96759,1
96763,1
96767,1
96768,1
96770,1
96771,1
96772,1
96773,1
96774,1
96776,1
96778,1
96780,1
96781,1
96782,1
96789,1
96792,2
96798,1
96802,1
96805,1
96807,2
96808,1
96809,1
96811,1
96814,1
96816,1
96818,1
96819,1
96820,1
96821,2
96822,1
96825,1
96827,1
96828,2
96830,2
96832,1
96833,1
96834,1
96836,2
96837,1
96841,1
96843,1
96844,2
96846,2
96847,1
96848,1
96850,1
96851,1
96856,3
96858,1
96860,1
96861,1
96862,1
96864,3
96867,1
96868,1
96869,1
96877,2
96880,2
96882,1
96884,2
96887,1
96894,1
96895,1
96897,2
96899,2
96901,1
96903,1
96904,1
96905,1
96907,1
96908,1
96909,1
96910,1
96912,2
96913,2
96915,1
96916,2
96919,1
96921,1
96925,1
96926,1
96929,1
96933,3
96934,1
96935,1
96936,1
96942,2
96943,1
96944,1
96945,1
96946,1
96949,1
96952,1
96953,1
96955,2
96961,1
96962,1
96963,1
96966,1
96970,1
96973,3
96974,1
96975,3
96983,2
96984,1
96985,2
96992,1
96994,1
96995,1
96997,1
97001,1
97002,1
97007,1
97013,3
97015,1
97022,1
97023,1
97026,1
97028,1
97031,1
97032,1
97033,1
97035,2
97036,1
97037,1
97041,1
97042,2
97043,1
97044,1
97046,3
97047,1
97048,1
97049,1
97051,1
97052,1
97053,1
97054,2
97058,1
97060,2
97062,1
97063,1
97065,1
97066,3
97068,2
97069,1
97070,1
97071,1
97072,1
97074,2
97075,1
97077,1
97078,1
97082,1
97083,1
97084,1
97085,2
97087,2
97090,1
97091,2
97095,2
97096,1
97098,1
97099,2
97101,1
97102,2
97103,1
97104,1
97107,1
97109,1
97110,1
97111,3
97113,1
97114,2
97118,1
97119,2
97121,2
97122,1
97126,1
97127,1
97130,1
97134,1
97136,1
97137,1
97141,1
97142,2
97144,1
97145,1
97147,3
97150,2
97152,2
97156,1
97158,1
97159,2
97163,2
97166,1
97167,1
97168,2
97169,1
97170,1
97171,1
97172,1
97173,1
97174,1
97175,1
97176,1
97178,1
97179,1
97181,1
97183,3
97184,3
97187,1
97188,2
97191,1
97192,1
97196,1
97201,2
97202,1
97203,2
97208,2
97211,1
97213,1
97214,1
97218,1
97219,1
97224,1
97225,1
97234,1
97238,1
97239,2
97242,1
97246,1
97247,2
97248,1
97250,1
97251,1
97255,1
97259,3
97261,1
97263,2
97264,2
97265,1
97267,1
97268,1
97269,1
97273,1
97276,1
97280,1
97281,2
97283,2
97293,1
97302,1
97305,1
97308,1
97310,1
97311,1
97312,2
97314,2
97316,1
97317,1
97318,1
97319,1
97321,1
97329,1
97333,1
97334,1
97336,2
97339,2
97342,1
97343,1
97346,1
97348,3
97355,2
97357,2
97359,2
97360,1
97361,1
97363,1
97365,1
97369,1
97370,1
97374,2
97375,1
97376,1
97379,1
97383,1
97385,2
97386,2
97388,1
97390,1
97394,2
97395,1
97400,2
97402,2
97404,1
97406,2
97407,1
97408,2
97409,1
97410,1
97411,2
97412,1
97417,2
97418,2
97422,1
97424,1
97425,1
97430,1
97433,1
97434,1
97435,3
97441,1
97443,1
97445,1
97446,1
97447,2
97452,1
97455,1
97456,1
97457,1
97460,1
97462,1
97464,1
97467,1
97469,1
97472,2
97477,1
97486,1
97487,1
97488,2
97489,1
97490,2
97492,2
97494,1
97496,1
97498,1
97500,1
97501,2
97502,1
97504,1
97505,1
97508,3
97509,1
97512,2
97513,2
97520,1
97523,1
97528,2
97531,3
97532,1
97533,1
97535,1
97536,1
97537,2
97539,1
97540,1
97541,1
97542,2
97543,3
97546,2
97547,2
97548,1
97551,1
97554,1
97557,1
97558,2
97563,2
97564,1
97565,1
97568,1
97569,1
97571,1
97572,1
97573,1
97575,1
97577,1
97579,2
97584,1
97585,1
97586,1
97588,1
97600,1
97602,1
97604,1
97607,2
97612,1
97615,1
97616,2
97618,2
97620,1
97621,3
97622,2
97628,1
97630,1
97632,1
97634,2
97636,1
97637,3
97642,1
97643,1
97645,1
97646,1
97649,1
97659,1
97660,1
97661,1
97663,1
97664,2
97673,2
97674,1
97675,1
97679,2
97680,1
97682,1
97685,1
97690,1
97691,1
97694,1
97698,1
97702,1
97703,1
97707,1
97709,2
97715,1
97716,1
97718,2
97721,2
97722,1
97727,1
97728,1
97729,1
97731,1
97734,1
97738,2
97739,1
97741,2
97743,1
97744,2
97747,1
97748,2
97750,1
97752,1
97753,1
97759,1
97766,1
97770,1
97771,1
97774,1
97775,1
97778,1
97783,1
97785,1
97786,1
97787,1
97788,1
97790,1
97791,1
97795,1
97801,1
97808,1
97809,1
97811,1
97812,1
97813,2
97814,1
97816,1
97820,2
97821,1
97824,1
97827,1
97828,1
97829,1
97830,1
97831,1
97833,1
97834,1
97835,2
97839,1
97840,1
97843,1
97844,1
97845,1
97847,1
97851,1
97856,1
97857,1
97863,1
97866,1
97867,2
97870,2
97872,1
97875,2
97880,1
97881,1
97888,1
97889,1
97892,2
97893,2
97894,1
97895,1
97898,2
97902,3
97909,1
97912,1
97916,1
97917,1
97922,1
97923,1
97930,1
97935,1
97936,1
97937,1
97941,1
97944,1
97946,1
97948,1
97950,1
97952,1
97954,1
97955,1
97957,3
97958,1
97959,1
97962,2
97965,2
97968,2
97969,1
97970,2
97972,1
97975,1
97979,1
97980,1
97981,1
97982,1
97983,1
97984,1
97988,1
97989,1
97991,1
97992,1
97993,1
97996,2
97997,1
97999,1
98002,1
98007,1
98010,1
98013,1
98014,1
98015,1
98017,2
98021,1
98024,1
98025,3
98027,3
98033,1
98034,1
98037,1
98039,2
98045,2
98046,1
98048,1
98051,2
98055,1
98056,1
98057,1
98058,1
98061,2
98062,1
98064,1
98066,1
98067,3
98069,1
98071,1
98073,1
98074,1
98076,2
98085,1
98086,2
98087,1
98088,1
98089,1
98090,2
98091,3
98092,1
98095,2
98096,1
98097,1
98098,1
98100,1
98101,1
98103,1
98104,1
98106,2
98110,1
98111,2
98112,1
98115,1
98119,3
98121,1
98122,1
98126,1
98127,1
98131,1
98135,2
98138,3
98141,1
98142,1
98144,1
98145,1
98146,2
98148,1
98150,1
98151,1
98152,2
98154,1
98155,5
98156,3
98162,1
98168,1
98169,1
98174,2
98175,1
98176,1
98177,1
98181,2
98183,1
98186,3
98188,1
98189,1
98190,1
98191,2
98193,1
98194,1
98199,1
98200,1
98202,2
98204,1
98205,1
98206,1
98207,1
98208,1
98209,1
98212,2
98215,1
98218,1
98222,1
98224,1
98227,2
98228,1
98232,1
98234,2
98236,1
98240,3
98243,1
98246,2
98249,1
98254,1
98257,1
98258,1
98260,2
98262,2
98263,1
98264,1
98266,1
98267,1
98269,1
98271,1
98272,1
98278,1
98282,1
98284,2
98288,1
98291,1
98296,1
98299,3
98306,1
98309,3
98310,1
98311,1
98312,1
98324,1
98328,1
98335,1
98336,2
98338,1
98343,1
98344,2
98345,1
98347,1
98348,1
98353,1
98362,1
98364,1
98366,1
98370,1
98378,1
98380,1
98381,1
98383,2
98387,1
98389,1
98396,1
98398,2
98399,3
98402,1
98403,1
98404,1
98405,1
98408,3
98409,1
98410,1
98413,1
98418,1
98419,1
98420,1
98421,2
98424,1
98426,1
98427,1
98431,1
98432,1
98433,2
98434,1
98438,2
98440,1
98448,2
98449,1
98450,1
98451,1
98452,1
98453,2
98456,1
98460,1
98462,1
98464,1
98467,1
98469,1
98472,1
98473,1
98475,1
98476,1
98485,1
98486,2
98487,1
98488,1
98489,1
98490,1
98491,2
98493,1
98494,1
98495,1
98496,3
98497,1
98500,1
98502,1
98504,2
98505,1
98506,1
98507,2
98510,1
98511,2
98513,3
98514,1
98517,1
98520,1
98522,1
98524,3
98526,2
98528,1
98533,1
98535,1
98536,1
98537,1
98542,1
98543,2
98545,1
98546,1
98547,1
98548,1
98552,1
98555,2
98556,2
98558,2
98561,1
98564,1
98565,2
98566,1
98567,2
98568,2
98570,1
98571,1
98572,2
98573,1
98576,1
98579,2
98580,1
98582,1
98584,1
98587,1
98589,2
98592,2
98601,1
98602,1
98604,1
98605,1
98606,1
98612,2
98615,3
98616,1
98617,1
98619,1
98622,1
98624,1
98625,2
98628,1
98629,1
98640,2
98641,1
98643,1
98644,1
98645,1
98648,1
98651,2
98652,1
98653,1
98656,1
98658,1
98659,1
98661,1
98662,1
98664,1
98666,1
98667,1
98668,1
98669,2
98671,2
98672,2
98673,2
98674,1
98678,1
98679,1
98681,2
98682,2
98683,2
98686,1
98689,1
98694,1
98698,1
98702,2
98705,1
98707,1
98708,1
98711,1
98712,1
98714,1
98715,1
98716,1
98717,1
98721,1
98727,1
98728,2
98732,1
98736,1
98744,2
98745,1
98750,1
98754,1
98757,2
98761,2
98766,1
98768,1
98770,1
98771,1
98773,1
98774,1
98775,1
98777,1
98778,2
98784,1
98786,2
98788,2
98790,1
98792,1
98794,1
98795,2
98796,1
98804,4
98805,1
98806,1
98807,1
98808,1
98809,1
98811,1
98814,1
98816,1
98817,1
98818,1
98820,2
98827,2
98830,1
98831,1
98832,1
98833,1
98835,1
98838,1
98840,2
98841,1
98842,1
98843,1
98847,1
98849,1
98852,3
98854,1
98855,1
98856,1
98858,1
98861,1
98864,1
98866,2
98870,1
98872,1
98880,3
98881,1
98883,2
98885,2
98893,1
98894,1
98895,1
98897,1
98900,2
98902,1
98904,1
98906,2
98907,2
98914,2
98916,2
98917,2
98918,1
98920,1
98921,1
98928,2
98931,1
98936,1
98937,2
98938,1
98942,1
98943,1
98944,1
98945,3
98947,1
98952,2
98955,1
98956,1
98959,1
98960,1
98961,1
98964,1
98969,1
98971,1
98974,1
98978,1
98980,1
98981,2
98983,2
98985,1
98987,1
98988,1
98996,1
98999,1
99002,1
99005,1
99006,1
99008,1
99009,1
99010,1
99015,1
99019,1
99021,1
99023,1
99026,2
99027,1
99029,2
99034,2
99036,1
99037,1
99038,1
99039,2
99043,1
99046,1
99047,1
99048,1
99049,1
99050,4
99053,2
99054,1
99055,1
99058,1
99065,1
99067,2
99071,1
99072,2
99075,1
99080,1
99081,1
99083,1
99084,1
99086,1
99088,1
99089,1
99093,1
99094,1
99099,1
99101,1
99103,1
99108,1
99109,1
99110,1
99111,1
99113,1
99114,1
99115,1
99116,1
99120,1
99121,2
99122,1
99123,2
99126,1
99128,1
99130,1
99141,1
99142,2
99147,1
99148,1
99149,2
99150,1
99153,1
99154,1
99155,2
99157,1
99158,1
99159,1
99162,1
99164,1
99168,1
99171,1
99175,1
99177,2
99179,1
99180,1
99184,1
99185,1
99189,2
99193,1
99195,1
99196,1
99198,1
99202,1
99203,1
99206,1
99208,1
99209,1
99213,2
99215,1
99216,2
99217,1
99222,1
99223,1
99225,1
99227,2
99228,1
99230,2
99234,1
99239,1
99243,2
99244,1
99245,1
99248,1
99250,1
99253,1
99254,1
99256,2
99257,2
99261,2
99264,1
99265,1
99267,1
99269,3
99270,1
99274,2
99275,1
99276,1
99277,1
99278,1
99285,1
99286,1
99287,1
99288,1
99290,2
99291,1
99292,2
99293,1
99294,1
99297,1
99299,1
99302,2
99306,1
99312,2
99319,1
99323,2
99324,1
99328,2
99329,1
99331,1
99334,1
99336,2
99338,1
99343,2
99344,1
99351,1
99358,1
99359,1
99362,2
99364,1
99366,1
99367,1
99374,1
99375,2
99377,1
99378,1
99384,2
99387,3
99388,1
99389,1
99390,1
99391,2
99392,2
99397,1
99399,1
99401,1
99403,2
99406,1
99408,1
99409,1
99413,3
99414,1
99417,1
99419,1
99420,1
99421,1
99422,2
99425,1
99427,2
99428,1
99434,1
99442,1
99445,2
99449,1
99454,1
99457,2
99459,2
99462,1
99463,2
99466,1
99468,2
99471,1
99472,2
99475,1
99477,1
99489,1
99490,1
99493,1
99496,2
99497,1
99499,1
99502,1
99504,1
99505,1
99506,3
99512,1
99513,1
99516,1
99517,1
99521,2
99525,1
99527,1
99530,1
99535,2
99536,1
99538,1
99540,1
99542,2
99544,1
99547,1
99549,1
99551,1
99558,2
99560,1
99562,1
99564,1
99565,1
99567,1
99570,1
99574,1
99578,1
99582,1
99584,1
99586,1
99587,1
99588,3
99593,1
99594,1
99595,1
99597,1
99598,1
99599,1
99601,2
99602,1
99605,1
99607,2
99609,1
99610,1
99612,1
99621,1
99624,1
99626,1
99627,1
99629,2
99630,4
99631,3
99635,1
99637,2
99639,1
99642,2
99643,1
99646,2
99647,1
99650,1
99653,1
99654,1
99658,1
99659,2
99660,1
99661,1
99662,1
99664,2
99665,1
99668,2
99669,1
99671,1
99672,1
99679,1
99680,2
99683,1
99684,1
99686,1
99690,1
99692,1
99694,1
99695,1
99701,1
99702,1
99703,1
99707,1
99709,1
99710,1
99711,1
99712,1
99714,3
99715,1
99720,1
99726,1
99728,1
99730,1
99731,1
99732,1
99733,1
99734,1
99735,1
99737,2
99738,2
99743,1
99744,1
99748,1
99750,1
99756,2
99757,1
99759,1
99760,1
99761,1
99763,1
99764,1
99765,1
99766,1
99768,1
99771,4
99772,3
99778,2
99783,1
99784,1
99788,1
99793,3
99795,1
99797,2
99800,1
99807,3
99813,1
99815,1
99817,1
99818,2
99819,1
99820,1
99822,1
99823,1
99825,1
99827,1
99832,1
99835,3
99847,1
99848,1
99850,1
99852,3
99853,2
99856,1
99857,1
99859,1
99860,1
99861,1
99865,1
99872,2
99875,1
99877,1
99878,3
99880,1
99883,1
99884,1
99885,1
99886,2
99889,1
99892,1
99893,1
99896,1
99898,1
99901,1
99902,1
99903,1
99904,1
99905,1
99906,2
99907,1
99909,1
99910,1
99913,1
99917,1
99918,1
99920,1
99922,1
99924,1
99927,1
99930,1
99932,1
99933,1
99934,1
99935,1
99939,2
99941,1
99943,2
99947,2
99950,1
99952,1
99956,1
99957,1
99963,1
99965,1
99969,1
99974,1
99975,1
99979,2
99980,1
99985,1
99986,1
99989,2
99990,1
99992,1
99994,1
99998,1
100000,1
100004,1
100005,1
100006,1
100007,1
100009,1
100013,1
100014,1
100017,1
100018,2
100019,1
100023,1
100024,1
100030,2
100031,1
100032,1
100034,1
100038,1
100040,2
100042,1
100044,1
100046,2
100047,2
100048,1
100050,1
100052,1
100053,1
100054,1
100059,2
100061,1
100067,1
100068,1
100069,3
100072,1
100074,1
100082,1
100085,3
100091,1
100094,2
100097,1
100098,2
100099,1
100100,1
100101,1
100103,1
100107,1
100109,1
100110,2
100112,1
100116,1
100117,2
100118,2
100121,1
100123,1
100124,1
100129,1
100130,1
100131,1
100132,2
100133,2
100135,1
100136,1
100143,2
100145,1
100148,1
100150,1
100154,1
100155,1
100158,1
100160,1
100161,3
100162,1
100164,1
100165,4
100167,1
100172,1
100174,1
100178,1
100180,2
100183,1
100184,1
100186,1
100187,2
100190,1
100191,1
100192,1
100193,1
100196,1
100197,1
100200,2
100202,1
100203,1
100205,1
100206,1
100207,1
100210,1
100211,1
100214,1
100215,1
100217,1
100218,1
100219,1
100223,1
100224,2
100227,1
100229,2
100230,1
100234,1
100235,5
100237,1
100238,2
100239,2
100241,1
100243,1
100244,2
100247,1
100256,1
100257,1
100258,1
100260,1
100261,2
100262,2
100263,1
100264,1
100267,1
100268,3
100270,1
100272,2
100275,1
100276,1
100277,1
100279,1
100280,1
100286,2
100287,1
100288,1
100293,1
100297,1
100299,1
100303,1
100308,1
100312,1
100313,1
100314,1
100316,1
100317,1
100321,2
100322,1
100323,1
100324,1
100325,1
100328,2
100330,1
100331,1
100333,1
100338,1
100341,1
100342,1
100344,1
100345,3
100346,1
100350,3
100352,1
100353,1
100354,1
100355,1
100359,3
100363,1
100364,2
100365,1
100366,1
100369,1
100372,3
100373,1
100374,2
100379,1
100381,2
100382,1
100383,2
100385,1
100388,1
100390,1
100396,1
100400,1
100401,1
100403,3
100404,1
100405,1
100406,1
100407,2
100408,1
100409,2
100411,3
100415,1
100422,1
100426,1
100428,2
100429,2
100432,2
100435,1
100436,1
100440,1
100445,1
100451,1
100453,2
100454,1
100464,1
100466,3
100468,2
100472,1
100474,1
100475,1
100477,2
100483,1
100485,1
100489,1
100490,3
100495,1
100496,1
100497,2
100498,1
100500,2
100503,1
100506,1
100507,1
100511,1
100512,3
100515,1
100518,1
100522,1
100526,3
100527,2
100529,1
100531,1
100532,1
100533,1
100535,1
100536,1
100540,1
100542,1
100543,4
100548,1
100549,2
100554,1
100555,1
100557,2
100558,1
100560,1
100562,1
100563,2
100564,1
100566,1
100567,2
100571,1
100573,1
100577,1
100583,2
100584,1
100586,2
100587,1
100592,1
100593,1
100596,2
100597,1
100598,2
100608,1
100611,2
100612,1
100615,3
100617,2
100618,1
100619,1
100621,1
100623,1
100624,1
100625,1
100626,1
100635,1
100639,1
100640,1
100641,1
100643,1
100649,1
100657,1
100659,1
100660,1
100663,1
100665,1
100668,1
100669,1
100670,1
100676,1
100679,2
100682,1
100683,2
100684,1
100685,1
100686,1
100692,1
100694,1
100695,1
100704,1
100705,1
100708,1
100709,1
100710,1
100713,1
100714,2
100715,3
100717,2
100718,1
100719,1
100720,1
100721,1
100722,1
100723,1
100725,1
100726,1
100727,1
100729,1
100730,1
100731,2
100732,1
100734,1
100735,1
100736,1
100738,1
100739,1
100742,2
100744,2
100749,1
100751,2
100752,1
100753,2
100754,1
100755,2
100758,1
100761,1
100763,1
100769,1
100770,1
100771,1
100773,2
100778,1
100781,1
100784,2
100785,1
100788,1
100789,1
100790,1
100802,3
100805,1
100808,1
100810,1
100813,1
100816,1
100817,2
100820,2
100821,1
100822,2
100826,2
100827,1
100829,2
100830,2
100831,1
100832,2
100833,1
100835,1
100836,3
100837,1
100839,3
100843,1
100844,1
100848,2
100850,2
100853,1
100854,1
100855,1
100856,1
100857,2
100858,1
100861,1
100862,1
100864,2
100866,1
100867,1
100876,1
100877,1
100886,1
100887,1
100888,3
100889,1
100895,1
100898,1
100899,1
100900,2
100901,1
100902,4
100903,1
100908,2
100909,1
100910,1
100914,1
100916,1
100917,1
100922,1
100924,1
100928,1
100930,2
100932,1
100933,2
100935,1
100936,1
100938,1
100942,1
100948,2
100949,1
100955,1
100956,1
100958,2
100961,1
100963,1
100964,2
100966,1
100972,2
100977,1
100983,1
100984,2
100985,1
100986,3
100990,1
100993,1
100994,1
100996,1
100999,1
101003,3
101005,1
101006,1
101010,4
101014,1
101017,1
101018,1
101019,1
101020,1
101025,1
101026,2
101028,1
101029,1
101030,1
101032,1
101034,1
101038,2
101039,1
101040,1
101041,1
101042,1
101043,1
101048,2
101050,2
101053,1
101054,4
101055,1
101058,1
101059,1
101071,3
101072,2
101079,2
101080,1
101083,1
101084,1
101085,1
101086,1
101087,2
101091,1
101095,1
101098,1
101099,1
101100,1
101104,1
101107,1
101109,1
101114,1
101115,1
101124,1
101131,1
101132,1
101134,1
101138,3
101141,1
101142,1
101145,2
101146,1
101150,1
101153,1
101156,1
101157,1
101158,1
101159,2
101160,3
101161,1
101162,1
101163,1
101164,1
101166,2
101170,1
101172,1
101173,1
101176,2
101179,1
101181,1
101182,1
101183,1
101188,2
101196,1
101197,1
101201,1
101208,1
101209,1
101211,1
101221,1
101225,3
101226,1
101227,1
101234,1
101236,1
101237,1
101238,1
101241,1
101247,1
101249,1
101254,2
101255,1
101258,2
101259,1
101262,1
101264,1
101269,1
101270,1
101274,1
101279,1
101280,1
101282,1
101283,1
101284,1
101285,1
101287,1
101290,1
101291,1
101293,1
101294,1
101297,2
101298,1
101300,1
101301,1
101304,1
101305,1
101306,1
101312,1
101314,1
101318,1
101319,2
101323,1
101324,1
101326,2
101327,1
101329,1
101332,1
101333,1
101335,2
101337,1
101338,1
101340,1
101341,2
101346,2
101347,1
101348,1
101350,1
101353,1
101358,1
101359,1
101361,1
101364,3
101367,1
101368,2
101372,1
101375,1
101376,1
101377,1
101379,1
101382,1
101384,1
101388,1
101393,2
101399,1
101401,3
101402,2
101405,1
101406,2
101408,1
101409,2
101411,1
101415,1
101416,2
101418,1
101420,1
101423,2
101425,1
101428,1
101429,2
101430,1
101431,1
101437,1
101438,1
101439,1
101440,2
101444,1
101446,1
101447,1
101450,1
101451,1
101452,2
101453,1
101454,1
101455,2
101456,1
101457,2
101459,1
101461,1
101464,1
101469,2
101472,1
101473,1
101474,1
101477,1
101482,2
101484,1
101487,1
101488,1
101489,2
101491,2
101496,1
101497,1
101498,1
101503,1
101504,1
101507,1
101508,1
101510,4
101511,1
101513,2
101514,2
101515,1
101519,1
101522,1
101523,2
101524,1
101525,1
101527,1
101529,1
101530,1
101532,2
101533,1
101537,1
101540,2
101542,1
101543,1
101544,1
101545,1
101547,1
101548,1
101555,1
101558,2
101559,2
101560,1
101561,2
101562,1
101563,1
101564,2
101566,1
101568,2
101571,1
101572,1
101574,1
101578,1
101579,1
101580,1
101585,1
101591,1
101598,2
101599,3
101600,1
101602,1
101603,1
101605,1
101610,1
101611,2
101613,1
101617,1
101618,1
101620,2
101621,1
101632,1
101634,1
101635,1
101636,1
101637,2
101639,1
101643,3
101654,1
101658,1
101660,1
101661,1
101665,2
101666,1
101667,2
101668,2
101670,1
101671,2
101672,1
101673,2
101674,1
101676,1
101677,3
101681,2
101683,1
101685,2
101686,1
101687,1
101690,1
101692,1
101694,1
101696,1
101699,1
101702,1
101703,2
101705,1
101707,2
101708,2
101710,1
101713,1
101714,1
101715,1
101716,1
101719,1
101720,1
101726,2
101727,1
101731,1
101733,2
101735,1
101737,2
101739,2
101740,1
101747,1
101748,1
101749,2
101751,1
101757,1
101758,1
101762,1
101765,1
101767,1
101772,1
101775,1
101777,1
101778,1
101782,1
101783,1
101784,1
101785,1
101797,2
101799,1
101804,2
101807,1
101812,1
101813,1
101817,2
101818,3
101819,1
101822,1
101823,1
101824,1
101828,1
101830,1
101836,1
101837,1
101843,1
101844,1
101846,2
101847,2
101848,1
101855,1
101856,2
101859,1
101861,2
101862,3
101867,2
101869,1
101870,1
101873,1
101875,1
101876,1
101878,2
101879,1
101880,1
101881,1
101882,2
101887,1
101888,2
101891,1
101892,1
101894,2
101898,3
101899,1
101904,1
101905,1
101906,1
101910,2
101911,2
101912,1
101916,2
101917,1
101918,1
101923,1
101927,1
101928,2
101929,1
101930,3
101932,1
101935,1
101937,1
101938,2
101939,3
101940,1
101942,1
101944,1
101945,2
101946,1
101947,1
101950,1
101951,1
101952,1
101955,2
101956,1
101958,1
101962,1
101963,2
101967,1
101968,1
101969,1
101970,1
101976,2
101977,2
101978,1
101979,1
101980,2
101981,1
101982,1
101983,1
101984,1
101994,1
102004,1
102006,1
102009,1
102018,1
102020,1
102021,1
102023,2
102024,1
102025,1
102030,2
102032,1
102034,1
102042,1
102044,1
102045,1
102047,1
102048,1
102049,1
102051,2
102054,1
102058,1
102062,1
102063,1
102064,1
102068,1
102069,2
102076,1
102077,1
102078,1
102079,1
102082,1
102084,1
102085,2
102086,2
102087,2
102094,1
102095,1
102097,1
102099,1
102101,1
102106,1
102109,2
102112,1
102113,1
102114,1
102119,2
102122,2
102123,2
102124,1
102125,1
102127,1
102130,2
102133,1
102134,2
102136,1
102138,1
102140,1
102144,1
102146,2
102150,1
102153,1
102155,3
102158,1
102160,2
102162,2
102164,1
102171,2
102172,1
102176,2
102180,2
102181,1
102182,1
102185,1
102186,1
102187,1
102188,1
102191,2
102195,2
102200,1
102201,1
102203,1
102208,1
102209,1
102212,1
102214,1
102218,3
102222,2
102223,1
102226,1
102228,1
102230,1
102233,2
102235,1
102236,2
102247,1
102248,2
102250,1
102254,1
102259,1
102260,1
102262,1
102264,2
102269,1
102273,1
102274,2
102278,1
102279,1
102282,1
102286,1
102287,2
102288,1
102292,1
102299,4
102301,1
102302,1
102303,1
102304,1
102307,1
102311,1
102316,1
102317,1
102319,1
102320,1
102321,2
102326,1
102328,1
102329,1
102331,1
102332,2
102333,1
102337,2
102348,1
102352,1
102356,1
102361,2
102362,3
102363,1
102367,1
102368,1
102370,1
102371,1
102373,1
102376,1
102382,1
102383,1
102384,1
102387,3
102388,1
102389,1
102390,1
102394,2
102395,4
102396,1
102397,1
102398,2
102401,1
102408,1
102410,1
102411,1
102414,1
102415,1
102418,1
102419,1
102422,1
102424,1
102425,2
102426,3
102433,1
102437,1
102441,1
102442,1
102443,1
102445,1
102449,1
102452,1
102453,2
102455,1
102457,1
102462,1
102463,2
102466,1
102468,1
102469,1
102471,1
102472,1
102474,1
102476,1
102478,1
102479,1
102482,1
102488,1
102491,2
102494,1
102495,1
102497,1
102498,2
102501,1
102502,1
102506,1
102508,2
102509,1
102512,1
102514,2
102515,1
102516,1
102518,1
102519,1
102520,1
102522,2
102523,2
102531,2
102532,2
102534,1
102535,2
102536,1
102537,1
102539,2
102542,1
102546,1
102547,1
102550,1
102551,1
102555,1
102556,2
102557,2
102558,1
102559,2
102560,1
102561,2
102563,1
102566,1
102567,2
102571,1
102572,1
102573,1
102574,1
102577,2
102578,1
102579,1
102583,1
102585,1
102587,1
102588,1
102589,1
102597,1
102598,1
102601,2
102603,1
102604,1
102606,1
102607,2
102610,1
102611,1
102613,1
102614,2
102615,1
102616,1
102617,1
102619,1
102620,1
102625,1
102626,1
102628,2
102631,1
102633,1
102634,1
102637,1
102646,2
102650,1
102653,2
102654,1
102655,1
102656,1
102659,3
102662,1
102663,1
102664,1
102666,1
102668,1
102669,1
102670,1
102672,1
102673,1
102675,1
102677,2
102682,1
102683,1
102685,2
102687,2
102688,2
102691,1
102693,2
102696,1
102697,2
102700,1
102702,1
102703,1
102704,1
102705,1
102708,1
102709,1
102713,1
102715,1
102716,1
102720,1
102724,1
102725,1
102729,1
102730,1
102734,1
102740,1
102747,1
102748,1
102750,1
102757,1
102759,1
102765,2
102766,2
102772,1
102778,1
102780,1
102784,2
102786,1
102788,1
102791,1
102804,1
102806,2
102814,1
102816,2
102819,2
102820,1
102821,1
102822,1
102824,1
102826,1
102831,1
102832,3
102833,1
102834,2
102836,2
102840,1
102843,3
102844,1
102846,1
102848,1
102851,1
102854,2
102855,1
102859,1
102862,1
102864,1
102865,1
102867,1
102868,1
102871,1
102874,1
102875,1
102877,1
102879,1
102880,1
102881,1
102882,2
102884,1
102890,1
102893,1
102894,1
102896,1
102897,2
102899,2
102907,1
102912,1
102914,1
102916,1
102917,1
102921,1
102923,1
102926,1
102928,1
102931,2
102934,1
102936,1
102939,1
102944,2
102945,1
102948,1
102950,1
102953,1
102955,1
102958,1
102959,2
102963,1
102965,2
102972,1
102975,1
102976,1
102977,1
102981,1
102984,1
102985,1
102988,3
102995,1
102997,1
102998,1
103000,1
103001,1
103003,1
103005,1
103007,1
103008,1
103012,1
103013,3
103014,1
103015,3
103016,1
103018,1
103019,1
103022,1
103024,1
103028,1
103034,1
103037,1
103038,1
103039,2
103041,1
103042,2
103044,1
103046,1
103048,1
103050,2
103054,1
103055,1
103059,2
103060,1
103061,1
103062,2
103063,2
103064,1
103065,2
103068,1
103069,1
103070,1
103072,3
103075,1
103078,1
103081,1
103082,1
103084,2
103088,1
103090,1
103097,1
103098,2
103099,1
103102,1
103103,1
103104,1
103105,1
103108,2
103109,2
103110,1
103111,1
103113,1
103114,1
103115,1
103116,1
103117,1
103121,1
103123,1
103124,2
103125,1
103126,1
103127,1
103133,1
103135,1
103139,1
103140,2
103141,1
103142,2
103144,2
103147,2
103148,1
103149,1
103152,1
103154,2
103156,1
103157,1
103160,1
103163,2
103164,1
103165,1
103166,1
103168,2
103170,1
103171,2
103172,1
103179,2
103180,2
103192,1
103195,1
103196,1
103199,1
103200,1
103204,1
103206,1
103209,1
103214,1
103216,2
103217,1
103218,1
103219,1
103220,2
103221,1
103222,1
103225,1
103226,1
103227,1
103233,1
103234,1
103236,1
103238,1
103239,1
103240,1
103242,1
103243,1
103245,1
103247,1
103248,1
103254,1
103255,1
103256,1
103257,1
103258,2
103259,4
103264,1
103271,1
103282,2
103283,1
103284,2
103286,2
103287,1
103288,1
103290,1
103291,1
103292,1
103293,1
103295,1
103300,2
103302,1
103303,1
103304,1
103305,2
103306,3
103308,1
103309,1
103311,2
103313,1
103316,1
103319,1
103320,1
103322,1
103324,2
103326,1
103329,1
103332,1
103337,2
103341,1
103347,1
103349,1
103350,1
103352,1
103356,1
103360,1
103361,1
103364,1
103366,1
103373,1
103381,1
103386,1
103391,1
103393,1
103395,1
103400,1
103404,1
103405,1
103406,2
103407,2
103408,1
103411,1
103414,1
103416,1
103417,1
103419,2
103420,1
103421,1
103424,1
103425,1
103426,3
103428,1
103431,2
103437,1
103444,2
103450,1
103451,1
103452,1
103456,1
103457,1
103459,1
103461,1
103464,2
103466,1
103467,2
103472,2
103473,1
103474,1
103478,1
103482,1
103484,1
103486,1
103488,1
103491,1
103493,1
103495,1
103496,1
103497,1
103498,1
103499,1
103500,1
103503,1
103504,1
103508,1
103509,1
103510,1
103512,2
103513,1
103515,1
103518,1
103522,2
103523,1
103529,1
103532,2
103533,2
103534,2
103536,2
103538,1
103539,1
103545,3
103546,1
103547,1
103551,1
103552,1
103553,1
103554,1
103555,1
103557,2
103562,1
103563,1
103565,2
103567,1
103571,1
103574,1
103575,1
103580,1
103582,1
103586,1
103588,1
103590,1
103592,1
103599,1
103600,1
103601,1
103602,1
103603,1
103604,1
103605,1
103610,1
103611,1
103612,2
103613,1
103614,1
103618,2
103619,1
103622,1
103623,1
103627,1
103633,1
103637,1
103638,1
103640,1
103646,1
103647,1
103648,2
103649,1
103650,3
103651,1
103652,1
103653,3
103654,2
103656,1
103657,1
103659,1
103664,1
103665,1
103668,1
103674,1
103676,2
103678,1
103679,1
103681,1
103686,2
103688,1
103693,1
103695,2
103706,1
103707,1
103709,2
103717,3
103718,1
103719,1
103723,3
103724,1
103728,3
103733,1
103735,1
103736,2
103737,1
103738,1
103740,1
103745,1
103746,1
103749,1
103752,1
103754,2
103755,1
103756,1
103759,1
103760,2
103762,2
103764,1
103767,2
103771,2
103773,1
103777,1
103783,2
103784,2
103787,1
103788,1
103789,1
103791,1
103793,1
103794,2
103796,1
103797,1
103799,2
103800,1
103804,2
103807,1
103808,1
103809,2
103810,1
103814,1
103816,1
103817,1
103818,1
103820,1
103823,1
103824,1
103826,1
103827,1
103831,1
103833,1
103834,1
103835,1
103836,2
103837,2
103844,1
103846,1
103851,1
103852,1
103854,2
103855,1
103857,1
103859,1
103861,1
103862,1
103863,1
103865,1
103869,1
103870,1
103872,1
103877,1
103878,1
103880,1
103883,1
103884,1
103886,1
103889,2
103890,1
103891,1
103892,1
103893,1
103894,2
103895,1
103896,2
103897,1
103899,2
103900,1
103902,1
103907,1
103908,2
103910,1
103911,2
103912,2
103913,1
103915,3
103917,1
103919,1
103921,2
103923,1
103924,2
103927,1
103928,2
103929,1
103931,1
103936,2
103942,2
103943,1
103945,1
103946,1
103950,1
103952,2
103953,1
103954,1
103955,1
103958,1
103959,2
103962,1
103963,3
103964,1
103965,1
103974,1
103976,2
103977,1
103982,1
103985,1
103989,1
103993,1
103994,1
103996,1
103997,1
103999,1
104000,1
104002,1
104004,1
104005,1
104006,2
104009,1
104010,1
104012,1
104015,1
104016,1
104020,2
104022,1
104023,1
104025,1
104026,1
104027,3
104028,1
104029,1
104030,1
104032,1
104034,1
104037,1
104039,1
104041,2
104045,1
104046,2
104047,1
104048,2
104054,1
104058,1
104059,1
104061,1
104063,1
104064,1
104068,2
104069,1
104070,2
104072,1
104074,1
104077,1
104078,1
104079,1
104081,1
104084,2
104089,2
104091,1
104093,1
104095,1
104098,1
104100,2
104106,2
104107,1
104109,1
104110,1
104114,1
104115,1
104116,2
104119,1
104122,1
104124,1
104130,2
104131,1
104132,1
104133,1
104135,1
104137,1
104144,1
104148,1
104149,1
104151,1
104153,1
104157,3
104158,1
104159,3
104164,1
104169,1
104171,2
104172,1
104175,1
104179,1
104188,2
104195,1
104196,1
104197,1
104198,2
104200,1
104202,2
104203,1
104204,2
104206,1
104207,2
104209,1
104212,1
104214,1
104218,1
104223,1
104229,1
104230,1
104234,2
104236,1
104238,1
104239,1
104242,1
104251,3
104254,1
104255,1
104257,1
104258,1
104259,1
104261,1
104262,2
104263,1
104264,1
104271,1
104274,1
104282,1
104283,1
104286,1
104288,2
104289,1
104293,2
104295,1
104296,1
104298,2
104300,2
104301,1
104304,1
104305,2
104306,1
104307,2
104309,1
104310,1
104311,1
104312,1
104313,1
104315,1
104316,1
104317,1
104318,2
104320,3
104324,1
104327,4
104329,2
104337,2
104338,1
104339,1
104343,1
104344,2
104346,2
104347,1
104349,2
104353,1
104355,1
104356,1
104357,2
104361,1
104362,2
104363,1
104364,3
104365,1
104367,1
104368,2
104370,1
104371,1
104375,2
104378,2
104379,2
104380,1
104382,1
104384,2
104389,1
104390,1
104393,1
104394,1
104395,1
104401,2
104402,3
104405,2
104408,1
104409,1
104412,1
104416,1
104417,1
104422,1
104423,1
104426,2
104429,2
104430,1
104432,1
104433,2
104434,2
104439,1
104445,1
104449,1
104450,1
104454,3
104456,1
104459,2
104460,1
104462,2
104466,1
104470,2
104472,1
104475,1
104476,1
104477,1
104483,1
104485,1
104488,1
104489,1
104491,2
104494,1
104496,2
104500,1
104503,1
104505,2
104509,1
104511,3
104513,1
104514,2
104515,2
104522,3
104524,1
104527,1
104532,1
104534,1
104535,2
104536,1
104541,1
104548,1
104549,1
104550,1
104552,1
104554,1
104555,1
104557,2
104560,2
104561,1
104564,1
104565,2
104567,1
104569,2
104570,1
104575,1
104577,2
104578,1
104587,3
104589,1
104591,1
104592,1
104593,1
104597,1
104598,1
104602,1
104610,1
104612,1
104613,1
104615,1
104616,1
104617,2
104618,1
104621,3
104622,1
104626,1
104633,1
104636,1
104638,1
104642,2
104646,1
104648,2
104651,1
104657,2
104658,3
104660,1
104661,1
104666,2
104667,1
104671,1
104675,2
104678,4
104680,1
104681,1
104683,2
104684,1
104686,1
104687,2
104688,1
104689,1
104690,2
104691,3
104693,1
104695,1
104698,1
104700,1
104709,1
104714,1
104717,2
104719,1
104720,1
104721,1
104727,1
104728,1
104729,1
104730,2
104735,1
104736,1
104738,2
104745,2
104749,1
104750,1
104752,1
104753,1
104754,1
104755,1
104756,2
104758,1
104764,1
104765,1
104768,1
104769,1
104770,1
104772,1
104773,1
104776,1
104778,3
104781,2
104782,1
104786,1
104787,1
104789,1
104790,1
104791,1
104792,1
104794,1
104796,1
104798,2
104802,2
104806,1
104807,1
104810,1
104811,1
104812,1
104816,1
104818,1
104819,1
104824,1
104826,1
104828,1
104831,1
104834,1
104838,1
104840,1
104841,1
104842,1
104844,1
104845,4
104846,1
104847,1
104848,1
104851,3
104853,1
104854,1
104855,1
104858,2
104860,1
104865,2
104866,1
104871,1
104872,1
104875,1
104877,1
104878,1
104883,1
104884,1
104885,1
104889,2
104890,2
104891,2
104892,1
104894,1
104896,1
104902,1
104904,1
104906,1
104908,1
104909,1
104910,1
104913,1
104915,1
104921,1
104924,1
104928,2
104929,1
104934,2
104938,1
104942,1
104944,1
104946,1
104948,1
104949,2
104951,3
104952,1
104960,1
104961,1
104963,1
104967,3
104969,1
104970,1
104971,1
104972,1
104981,1
104985,1
104986,1
104987,1
104989,1
104991,1
104993,2
104995,1
104997,1
104999,1
105001,1
105002,1
105005,1
105006,1
105007,1
105008,1
105009,1
105012,1
105017,1
105019,1
105020,1
105021,2
105022,1
105026,1
105029,1
105030,2
105031,2
105032,1
105035,1
105039,1
105040,1
105041,1
105044,1
105046,2
105047,1
105048,1
105051,1
105052,1
105054,1
105056,1
105057,2
105064,1
105065,1
105066,1
105067,1
105068,1
105071,2
105074,1
105075,2
105077,3
105078,1
105079,1
105080,1
105081,1
105085,1
105090,2
105091,1
105103,1
105104,1
105105,2
105107,1
105111,1
105114,1
105115,1
105121,2
105122,1
105123,1
105124,1
105128,1
105129,1
105136,1
105139,1
105145,1
105147,1
105150,1
105151,1
105152,2
105155,1
105157,2
105158,2
105161,1
105163,1
105164,1
105165,1
105167,1
105172,2
105179,1
105186,1
105188,2
105189,1
105190,4
105192,1
105195,1
105197,1
105200,3
105201,1
105204,1
105209,2
105211,1
105215,1
105220,1
105224,1
105235,1
105237,1
105238,2
105243,2
105246,1
105251,3
105253,1
105254,1
105256,1
105257,2
105258,2
105263,2
105267,1
105270,1
105272,2
105273,2
105274,3
105277,1
105280,1
105282,1
105283,4
105284,1
105286,1
105288,1
105289,1
105294,1
105296,1
105298,1
105300,2
105301,1
105302,1
105303,1
105305,1
105306,1
105307,1
105308,1
105316,1
105320,1
105322,1
105323,1
105327,1
105328,2
105330,1
105335,1
105337,2
105339,1
105340,1
105345,1
105346,1
105352,1
105354,1
105355,1
105357,2
105358,1
105359,2
105361,1
105363,2
105364,1
105365,1
105366,1
105367,1
105368,1
105373,1
105374,1
105377,1
105378,1
105379,3
105382,1
105383,1
105385,2
105389,1
105392,1
105398,1
105402,1
105403,2
105406,1
105407,2
105411,2
105412,1
105414,1
105418,2
105425,2
105426,1
105428,1
105434,1
105436,1
105439,1
105440,1
105444,1
105445,1
105449,2
105450,4
105451,1
105452,1
105457,1
105458,2
105467,1
105468,2
105471,1
105472,1
105474,1
105477,2
105478,1
105479,2
105481,1
105483,1
105484,1
105486,2
105489,1
105491,1
105493,2
105496,1
105497,2
105502,2
105504,1
105505,2
105506,2
105508,1
105509,2
105510,1
105512,1
105514,2
105516,1
105518,1
105519,1
105521,1
105526,1
105528,1
105529,1
105530,1
105532,1
105535,1
105536,1
105541,2
105542,1
105543,1
105546,1
105549,2
105550,1
105551,1
105552,1
105554,1
105555,1
105556,1
105560,1
105565,1
105566,1
105568,1
105569,1
105570,1
105571,2
105572,1
105573,1
105574,2
105577,1
105578,2
105579,1
105585,1
105588,1
105589,1
105593,1
105594,1
105597,1
105599,1
105602,1
105610,1
105612,1
105613,1
105619,1
105625,1
105626,1
105628,1
105629,1
105637,1
105638,2
105643,3
105645,1
105647,2
105650,1
105651,1
105652,1
105653,1
105655,1
105660,1
105663,4
105664,2
105666,1
105669,1
105671,1
105673,2
105674,2
105675,1
105678,1
105680,2
105681,1
105682,2
105683,1
105687,1
105692,1
105694,1
105695,1
105696,1
105697,1
105700,2
105702,2
105703,1
105704,1
105706,1
105707,1
105708,2
105709,1
105710,1
105713,2
105715,1
105717,2
105718,2
105719,1
105720,1
105723,1
105724,1
105725,1
105726,3
105727,1
105728,3
105729,1
105730,1
105736,3
105738,1
105739,1
105742,1
105744,1
105747,1
105748,2
105749,1
105750,1
105757,1
105758,1
105765,1
105767,1
105768,1
105769,1
105770,2
105771,1
105774,1
105775,6
105777,2
105779,1
105780,1
105782,1
105783,1
105786,1
105789,1
105792,2
105794,1
105796,1
105797,1
105802,1
105803,1
105805,1
105807,2
105808,1
105813,1
105815,2
105816,1
105818,3
105819,1
105820,1
105821,1
105824,3
105825,2
105826,1
105828,1
105829,1
105830,1
105831,1
105833,2
105839,1
105841,2
105842,1
105843,1
105846,1
105847,1
105848,1
105849,1
105853,2
105855,1
105856,1
105858,3
105859,1
105862,1
105864,1
105865,1
105867,1
105870,2
105871,1
105872,1
105873,1
105874,2
105878,1
105879,1
105881,1
105883,1
105887,1
105892,1
105898,1
105899,1
105901,3
105904,1
105906,1
105912,1
105913,1
105914,3
105915,1
105919,1
105921,1
105923,1
105924,1
105925,1
105927,1
105928,2
105929,1
105932,1
105933,1
105935,1
105936,1
105937,1
105938,1
105939,1
105942,1
105943,1
105946,1
105950,2
105951,1
105952,1
105959,1
105964,3
105971,1
105972,1
105973,2
105974,1
105975,1
105976,1
105977,1
105980,1
105983,1
105986,2
105989,1
105990,1
105991,1
105993,1
105997,1
105998,1
106005,1
106006,2
106009,1
106011,4
106012,1
106016,2
106018,1
106020,2
106021,1
106022,1
106023,1
106026,1
106027,1
106031,1
106035,2
106041,2
106044,1
106046,2
106049,2
106051,1
106052,1
106054,2
106062,1
106063,2
106068,1
106070,1
106072,1
106075,1
106077,1
106078,2
106081,4
106082,2
106083,1
106086,1
106092,1
106094,1
106097,1
106099,3
106102,1
106108,2
106109,2
106111,1
106112,1
106116,1
106117,1
106122,1
106123,2
106124,1
106127,1
106128,1
106129,1
106131,1
106133,2
106136,1
106137,2
106138,1
106139,2
106141,1
106142,1
106143,1
106148,1
106149,2
106151,1
106152,1
106155,2
106157,1
106160,1
106161,1
106162,1
106166,1
106167,1
106168,2
106171,1
106172,1
106173,1
106175,1
106178,2
106179,2
106181,1
106182,1
106185,1
106186,1
106187,1
106191,1
106192,1
106194,1
106195,1
106196,1
106203,1
106204,1
106208,2
106211,1
106212,1
106213,3
106216,1
106217,1
106218,1
106219,1
106221,1
106223,1
106231,2
106240,1
106242,3
106247,1
106250,1
106256,1
106260,1
106262,1
106263,1
106267,1
106268,1
106269,1
106274,1
106275,1
106276,1
106277,1
106279,1
106280,1
106281,2
106283,1
106286,1
106287,1
106289,1
106290,2
106291,1
106294,2
106295,1
106296,1
106299,2
106305,1
106308,1
106309,1
106313,1
106315,1
106319,1
106321,1
106322,2
106323,1
106327,1
106330,2
106335,1
106336,2
106337,1
106338,1
106339,1
106341,1
106342,1
106345,1
106346,2
106347,1
106350,1
106351,1
106352,1
106354,1
106356,1
106358,2
106363,2
106367,1
106368,1
106370,1
106373,1
106376,3
106377,1
106381,1
106383,1
106384,1
106386,2
106389,1
106390,1
106393,1
106395,1
106396,1
106400,1
106402,1
106405,1
106406,1
106410,1
106413,1
106419,1
106420,1
106421,1
106424,2
106428,1
106429,1
106431,1
106432,1
106434,2
106435,2
106437,2
106440,1
106441,1
106442,1
106444,1
106445,1
106446,1
106448,1
106449,2
106452,2
106453,2
106455,1
106456,1
106460,1
106467,1
106470,1
106473,1
106474,1
106475,1
106477,2
106478,1
106479,2
106481,1
106483,2
106488,1
106492,1
106493,1
106495,1
106496,2
106499,1
106501,1
106502,1
106503,1
106507,1
106509,1
106511,1
106513,1
106514,1
106516,1
106517,2
106518,1
106525,1
106527,1
106528,1
106529,2
106530,1
106533,3
106534,1
106542,1
106544,1
106549,1
106550,2
106551,1
106554,1
106555,1
106556,1
106561,1
106562,1
106564,1
106565,2
106566,1
106569,1
106570,1
106571,1
106574,1
106576,2
106577,1
106578,1
106580,1
106581,3
106582,1
106584,1
106587,2
106588,1
106590,3
106591,1
106592,1
106593,2
106595,2
106597,1
106598,2
106600,2
106601,1
106603,1
106605,1
106610,1
106614,1
106617,1
106622,1
106625,1
106626,1
106628,1
106629,2
106633,1
106636,1
106637,1
106640,1
106643,1
106645,3
106646,1
106651,1
106652,1
106655,1
106662,1
106663,1
106664,1
106666,1
106668,1
106669,1
106675,1
106677,2
106678,1
106679,1
106680,2
106685,1
106687,1
106689,1
106690,3
106693,1
106694,2
106695,1
106697,2
106704,2
106716,1
106717,1
106722,1
106724,1
106726,1
106730,1
106731,2
106737,1
106738,1
106740,2
106741,3
106742,1
106745,1
106750,2
106752,1
106753,1
106756,1
106757,1
106759,1
106760,2
106761,1
106763,2
106764,1
106768,1
106770,2
106771,2
106779,1
106780,1
106783,1
106784,1
106786,3
106788,1
106789,1
106793,1
106795,1
106796,1
106800,1
106803,1
106808,1
106809,1
106812,1
106815,1
106817,2
106818,1
106819,1
106822,2
106823,1
106829,1
106830,1
106831,1
106832,1
106833,1
106835,1
106842,2
106844,1
106852,1
106854,2
106857,2
106858,1
106866,1
106872,1
106873,2
106875,1
106876,1
106879,1
106881,1
106885,2
106886,1
106888,2
106891,1
106896,1
106897,1
106900,1
106901,1
106903,2
106904,2
106905,1
106907,1
106910,2
106916,1
106923,1
106925,1
106926,1
106928,1
106929,3
106930,1
106931,2
106933,1
106937,1
106938,1
106940,1
106942,1
106943,1
106944,1
106945,1
106946,2
106947,1
106949,2
106950,2
106952,1
106953,3
106957,1
106959,3
106962,1
106963,2
106964,1
106968,1
106969,1
106970,1
106974,1
106976,1
106977,2
106983,1
106984,1
106985,1
106986,2
106987,3
106990,2
106996,3
106998,1
107002,1
107004,1
107005,1
107006,1
107007,1
107008,2
107013,1
107014,1
107016,1
107018,1
107026,1
107027,1
107029,1
107031,1
107032,2
107033,1
107036,1
107039,3
107040,1
107042,1
107045,3
107046,2
107048,1
107051,1
107052,1
107058,1
107059,1
107061,1
107063,2
107064,1
107067,1
107068,1
107070,1
107073,1
107075,1
107080,1
107086,4
107090,1
107094,1
107097,1
107099,2
107100,2
107103,1
107106,1
107108,1
107109,2
107110,1
107113,1
107114,1
107115,1
107120,1
107121,1
107123,1
107125,2
107127,2
107131,1
107132,1
107133,1
107139,1
107142,1
107144,2
107145,2
107146,1
107147,2
107149,1
107151,2
107153,3
107155,1
107156,1
107157,1
107159,1
107162,3
107163,3
107169,1
107172,1
107173,1
107175,1
107179,1
107181,1
107187,1
107188,2
107189,1
107193,1
107194,1
107195,4
107205,1
107208,2
107209,1
107214,2
107215,1
107216,2
107218,1
107220,1
107221,1
107224,1
107227,1
107229,1
107230,1
107232,2
107233,2
107234,1
107235,1
107236,1
107249,1
107252,1
107253,1
107257,1
107259,1
107261,2
107264,2
107266,1
107267,1
107269,1
107271,1
107272,1
107275,2
107279,1
107284,1
107289,3
107293,3
107296,2
107297,1
107298,1
107299,1
107303,1
107306,1
107308,3
107310,1
107312,1
107313,1
107317,1
107322,1
107326,1
107328,1
107329,1
107330,2
107333,2
107334,1
107336,1
107337,2
107339,3
107340,2
107344,1
107345,1
107346,1
107347,1
107349,3
107351,1
107352,3
107353,1
107354,1
107356,1
107359,1
107360,2
107362,1
107365,1
107371,1
107376,1
107386,1
107388,3
107391,2
107392,1
107394,1
107398,1
107399,1
107401,1
107402,2
107403,2
107404,2
107407,1
107408,1
107409,1
107410,3
107412,1
107413,1
107414,1
107415,1
107416,1
107417,1
107418,1
107419,1
107427,1
107429,2
107430,1
107431,1
107432,1
107434,1
107436,2
107439,2
107441,1
107443,1
107445,1
107449,1
107451,2
107452,1
107453,2
107463,2
107465,1
107466,1
107467,1
107468,1
107469,1
107472,1
107474,1
107477,2
107481,1
107482,1
107483,3
107485,3
107490,1
107497,1
107499,2
107501,1
107504,3
107506,1
107507,1
107508,1
107509,1
107510,2
107515,1
107518,1
107522,1
107524,1
107525,1
107530,1
107532,1
107536,2
107541,1
107542,1
107548,1
107551,1
107553,1
107557,1
107562,2
107563,1
107565,1
107568,1
107569,1
107571,1
107575,1
107577,1
107579,2
107581,1
107583,2
107584,1
107586,1
107589,1
107594,1
107595,2
107596,2
107599,1
107603,1
107604,1
107605,1
107607,1
107608,2
107609,1
107611,2
107615,1
107617,1
107620,1
107621,1
107622,1
107624,1
107626,1
107632,1
107633,1
107640,1
107642,2
107646,1
107649,1
107651,2
107655,3
107665,1
107666,1
107668,2
107671,1
107672,2
107675,1
107676,1
107683,1
107684,1
107685,1
107686,1
107688,1
107689,1
107691,2
107696,2
107700,1
107701,4
107715,2
107716,1
107722,2
107728,1
107730,1
107732,1
107737,2
107739,1
107741,1
107743,1
107749,1
107750,3
107755,1
107756,2
107758,2
107761,1
107762,1
107763,1
107764,1
107766,1
107768,1
107770,1
107772,1
107774,2
107775,1
107777,1
107780,1
107784,1
107786,2
107789,1
107790,1
107791,1
107793,1
107797,2
107798,2
107799,2
107801,1
107806,1
107807,1
107809,1
107810,2
107813,1
107816,1
107817,1
107818,1
107819,2
107820,1
107821,1
107822,2
107826,1
107827,1
107829,1
107830,1
107831,1
107834,2
107838,1
107839,1
107841,1
107842,1
107843,1
107845,1
107847,2
107849,2
107851,1
107853,1
107856,1
107866,1
107867,1
107869,2
107872,1
107876,1
107877,1
107878,1
107879,2
107880,1
107881,1
107883,1
107885,1
107886,1
107887,2
107891,1
107894,1
107898,1
107899,1
107900,1
107902,1
107903,1
107904,1
107908,1
107909,1
107912,1
107913,2
107915,1
107917,1
107919,1
107921,1
107924,3
107925,1
107926,1
107931,1
107932,2
107936,1
107939,1
107940,3
107942,3
107945,1
107946,1
107947,1
107948,1
107955,1
107956,1
107963,1
107964,2
107965,2
107967,2
107972,1
107973,2
107975,1
107977,1
107980,2
107982,2
107983,2
107987,2
107988,1
107990,1
107996,3
107997,1
107998,2
108003,1
108005,1
108007,1
108008,1
108009,2
108014,1
108019,1
108021,1
108023,2
108024,1
108025,2
108026,1
108027,1
108028,1
108030,1
108032,3
108039,1
108040,1
108041,1
108045,1
108049,1
108050,2
108051,1
108053,1
108055,1
108061,2
108062,1
108063,1
108065,1
108067,1
108068,2
108070,1
108071,1
108074,1
108075,2
108079,2
108080,1
108081,1
108084,1
108086,2
108089,1
108093,2
108094,1
108095,1
108102,1
108104,1
108105,2
108106,1
108107,1
108108,2
108110,1
108111,1
108112,3
108114,1
108115,1
108116,1
108117,1
108122,1
108123,1
108124,2
108127,1
108128,1
108129,1
108130,1
108136,1
108138,1
108140,1
108141,1
108142,1
108143,1
108145,1
108148,1
108150,2
108153,2
108154,1
108156,1
108159,1
108162,3
108165,1
108170,1
108172,1
108173,1
108174,1
108175,1
108177,1
108180,1
108181,1
108183,1
108184,1
108188,1
108192,1
108194,1
108197,1
108198,1
108200,1
108201,2
108205,1
108206,1
108208,2
108211,1
108212,2
108214,1
108216,2
108218,1
108219,1
108220,1
108226,1
108227,1
108228,2
108229,1
108231,1
108232,1
108233,2
108237,1
108239,2
108243,1
108245,1
108247,1
108250,1
108260,1
108267,1
108268,1
108270,3
108273,1
108276,1
108277,1
108278,2
108280,1
108284,1
108289,1
108291,1
108292,1
108294,1
108298,1
108299,3
108301,1
108303,1
108304,1
108312,1
108314,1
108317,1
108318,1
108322,1
108324,1
108325,2
108326,1
108327,1
108330,1
108331,1
108334,1
108335,1
108337,1
108340,1
108343,1
108344,2
108346,1
108349,1
108350,2
108352,1
108355,1
108357,1
108359,2
108366,2
108367,1
108368,1
108370,1
108371,1
108374,1
108375,2
108377,1
108378,1
108381,1
108382,1
108385,3
108386,1
108387,1
108388,1
108389,1
108390,2
108398,1
108401,1
108403,2
108404,1
108409,1
108411,2
108416,1
108419,1
108420,1
108425,2
108426,1
108431,1
108437,1
108439,3
108440,3
108441,1
108443,4
108445,2
108447,3
108449,1
108457,1
108459,2
108463,3
108464,1
108466,1
108469,1
108472,1
108473,1
108474,1
108475,1
108476,1
108477,1
108483,1
108484,1
108486,1
108488,2
108496,1
108497,3
108498,1
108499,1
108501,1
108503,1
108507,1
108509,1
108512,2
108514,2
108516,1
108517,1
108518,1
108519,1
108522,1
108525,1
108526,1
108528,2
108533,3
108535,2
108541,1
108550,2
108553,2
108557,1
108561,1
108564,1
108566,1
108567,1
108572,1
108573,2
108578,2
108580,1
108582,1
108585,2
108589,1
108591,1
108593,1
108594,1
108595,1
108599,2
108604,1
108609,1
108611,1
108612,1
108613,2
108616,1
108618,2
108623,1
108624,1
108625,1
108626,1
108627,1
108629,1
108633,2
108634,1
108635,3
108638,1
108639,1
108640,1
108641,1
108642,1
108645,2
108646,1
108649,1
108651,1
108657,1
108658,1
108660,1
108661,1
108663,1
108668,1
108669,1
108671,2
108676,1
108679,1
108685,1
108686,1
108688,1
108690,1
108691,2
108693,1
108695,2
108697,1
108698,2
108699,2
108701,1
108705,1
108708,1
108709,1
108711,1
108713,1
108714,2
108717,1
108720,2
108721,1
108734,1
108736,2
108738,2
108741,1
108742,1
108743,3
108745,1
108750,1
108751,1
108753,2
108754,1
108755,1
108757,1
108758,1
108759,1
108760,2
108762,1
108765,1
108766,3
108768,1
108772,1
108774,1
108783,1
108785,1
108786,1
108788,1
108792,1
108794,1
108798,1
108800,3
108804,1
108807,3
108809,1
108812,1
108820,1
108821,1
108823,1
108826,2
108829,2
108830,1
108831,1
108832,2
108833,1
108837,1
108839,1
108842,1
108843,1
108844,2
108849,1
108851,1
108854,1
108856,2
108858,1
108862,1
108870,1
108874,2
108880,2
108881,1
108888,1
108889,1
108890,1
108894,1
108898,2
108902,1
108905,2
108906,1
108908,1
108910,1
108912,1
108913,1
108914,1
108915,1
108916,1
108917,1
108919,1
108920,1
108921,1
108924,1
108925,2
108926,2
108928,1
108933,1
108934,1
108937,1
108938,1
108940,2
108941,1
108942,1
108944,1
108946,3
108947,2
108949,1
108953,2
108954,2
108956,2
108958,1
108960,2
108961,1
108962,1
108971,2
108972,1
108974,1
108976,2
108977,1
108981,2
108982,1
108983,1
108990,1
108993,1
108995,1
108996,1
108998,1
109000,1
109001,1
109003,2
109006,1
109008,3
109009,1
109010,3
109011,1
109015,1
109016,1
109017,2
109019,1
109023,1
109024,1
109027,1
109028,1
109032,1
109035,1
109036,1
109039,1
109042,2
109045,1
109046,1
109048,1
109050,2
109053,1
109056,2
109058,2
109059,1
109067,2
109068,1
109069,1
109070,1
109073,2
109075,1
109076,1
109080,1
109083,1
109089,2
109090,1
109094,1
109095,1
109096,1
109097,2
109098,1
109100,1
109101,1
109102,1
109103,1
109105,1
109107,1
109109,1
109111,2
109113,1
109117,1
109118,1
109124,1
109125,1
109130,1
109131,1
109132,1
109136,1
109137,1
109139,2
109141,1
109143,1
109144,1
109147,1
109148,2
109152,1
109157,1
109159,1
109165,2
109167,1
109169,1
109173,1
109177,1
109178,2
109180,1
109183,2
109184,1
109186,1
109187,1
109188,1
109189,1
109190,1
109192,1
109194,1
109196,2
109198,1
109199,1
109200,1
109202,1
109203,1
109205,1
109208,1
109210,1
109212,1
109213,2
109214,1
109215,1
109217,1
109219,1
109220,1
109223,3
109228,1
109229,1
109230,1
109232,2
109233,2
109235,2
109236,1
109237,2
109239,1
109243,1
109245,1
109246,1
109251,1
109252,1
109256,2
109257,1
109258,1
109259,1
109260,1
109261,1
109262,2
109263,1
109264,1
109265,1
109266,1
109268,1
109269,1
109275,1
109276,1
109278,3
109280,2
109285,1
109286,1
109287,1
109291,2
109292,2
109293,1
109294,1
109299,2
109303,1
109307,1
109310,1
109311,1
109312,1
109313,2
109314,1
109317,1
109320,2
109321,1
109322,1
109325,1
109330,1
109331,1
109333,1
109334,1
109340,1
109341,1
109343,1
109344,3
109345,1
109347,1
109349,1
109353,1
109355,2
109359,2
109361,1
109363,1
109371,2
109372,1
109373,1
109375,2
109378,1
109379,1
109382,1
109383,1
109389,1
109390,1
109391,2
109394,2
109395,1
109396,2
109397,2
109400,2
109401,1
109402,1
109404,2
109405,2
109406,2
109407,1
109411,1
109412,2
109413,1
109414,1
109415,2
109417,1
109418,1
109423,1
109425,2
109426,1
109430,4
109431,1
109433,2
109434,1
109437,2
109441,3
109442,2
109444,1
109445,2
109447,3
109448,1
109451,1
109455,1
109456,1
109457,1
109460,1
109461,1
109464,1
109465,1
109466,1
109468,1
109470,1
109471,1
109472,1
109474,1
109477,1
109479,1
109484,2
109485,1
109486,2
109489,1
109491,1
109494,1
109497,2
109499,1
109503,1
109506,1
109507,1
109510,2
109514,3
109515,1
109516,1
109520,2
109525,1
109527,1
109531,1
109532,1
109535,1
109539,1
109541,2
109544,1
109545,1
109549,1
109550,1
109552,3
109554,2
109559,2
109561,1
109563,1
109564,2
109567,1
109568,1
109573,2
109575,1
109580,1
109582,4
109586,1
109587,2
109592,1
109595,1
109597,1
109600,1
109601,2
109602,2
109603,1
109606,1
109613,1
109615,1
109616,1
109623,1
109626,1
109629,1
109631,1
109633,1
109634,1
109637,1
109638,1
109643,2
109645,2
109646,2
109647,1
109652,2
109653,1
109654,1
109657,1
109658,2
109659,1
109660,1
109667,2
109669,1
109670,1
109673,1
109676,1
109678,2
109680,1
109681,1
109688,1
109689,2
109691,2
109694,1
109696,1
109698,1
109699,2
109700,1
109701,1
109706,1
109707,4
109708,1
109716,2
109718,1
109721,2
109724,2
109731,1
109733,1
109737,1
109739,1
109742,2
109745,1
109747,1
109751,1
109753,3
109759,1
109767,1
109768,1
109770,1
109771,1
109772,1
109773,1
109779,1
109782,1
109786,2
109787,1
109789,1
109790,1
109795,2
109797,2
109799,1
109801,1
109802,1
109804,2
109805,1
109806,1
109807,2
109809,1
109812,1
109813,1
109817,1
109818,2
109819,1
109820,1
109821,2
109823,1
109824,2
109826,1
109827,1
109828,2
109831,1
109832,2
109833,1
109834,1
109837,1
109838,1
109839,1
109840,1
109845,1
109847,2
109850,1
109854,2
109855,1
109857,2
109858,2
109860,1
109861,1
109863,2
109864,1
109868,1
109870,1
109871,1
109874,1
109875,1
109878,1
109881,2
109890,1
109891,1
109892,1
109894,2
109897,1
109899,1
109902,2
109904,1
109905,1
109906,2
109913,2
109915,1
109916,1
109917,1
109921,1
109923,1
109924,1
109925,1
109929,1
109930,2
109931,1
109932,1
109935,2
109937,1
109938,1
109939,2
109940,1
109945,1
109950,2
109951,1
109953,1
109960,1
109962,1
109963,3
109965,1
109968,2
109971,1
109973,2
109976,3
109977,2
109979,2
109980,2
109984,1
109985,1
109988,1
109989,2
109990,2
109993,1
109994,2
109995,1
109998,1
110000,1
110002,1
110003,2
110005,1
110006,1
110010,1
110017,1
110018,1
110021,1
110024,1
110025,2
110026,1
110028,1
110033,1
110034,2
110036,2
110037,1
110039,2
110041,2
110046,2
110054,2
110055,1
110058,1
110059,2
110060,1
110063,1
110066,2
110068,2
110069,3
110072,1
110074,2
110075,1
110076,1
110077,1
110080,1
110081,1
110082,1
110085,2
110089,1
110092,1
110093,3
110096,1
110104,1
110107,1
110108,1
110109,2
110115,1
110120,2
110124,1
110128,1
110129,1
110132,1
110135,1
110139,2
110140,1
110152,1
110153,1
110155,1
110157,1
110161,1
110162,1
110167,1
110170,2
110172,3
110175,1
110177,1
110179,2
110180,1
110181,1
110182,2
110185,2
110192,2
110193,1
110195,2
110208,1
110209,1
110211,2
110212,1
110215,1
110217,3
110218,2
110219,1
110222,1
110225,2
110232,1
110238,1
110239,1
110240,1
110242,2
110247,2
110249,1
110251,1
110252,1
110253,3
110254,1
110258,1
110259,1
110268,1
110271,3
110272,1
110273,1
110275,1
110279,1
110280,1
110285,1
110288,1
110295,1
110296,2
110304,1
110306,1
110307,1
110309,2
110310,3
110312,1
110313,1
110315,1
110318,2
110321,2
110326,1
110328,1
110329,1
110330,1
110331,1
110334,1
110336,3
110338,1
110339,1
110341,1
110345,1
110349,1
110352,1
110355,2
110356,1
110357,1
110363,1
110364,1
110365,2
110366,2
110369,1
110371,3
110372,1
110373,1
110374,1
110376,2
110380,1
110386,1
110391,2
110392,1
110394,1
110395,1
110397,1
110401,1
110405,1
110408,2
110414,2
110418,1
110419,1
110423,1
110425,1
110426,1
110428,1
110431,1
110434,2
110435,1
110437,1
110438,2
110439,1
110446,1
110448,2
110450,2
110451,2
110452,1
110453,1
110454,1
110455,1
110456,2
110457,2
110459,1
110460,2
110464,3
110465,1
110466,2
110468,1
110472,1
110473,1
110474,1
110476,1
110477,1
110478,1
110480,2
110483,1
110484,1
110489,1
110492,1
110495,1
110497,1
110498,2
110499,1
110501,1
110503,2
110505,1
110509,2
110512,1
110513,1
110515,1
110516,1
110517,1
110518,1
110520,2
110521,2
110524,2
110525,2
110529,1
110533,1
110534,1
110542,1
110544,1
110545,1
110548,1
110549,1
110553,3
110554,1
110556,2
110557,1
110558,1
110560,1
110562,2
110564,1
110569,2
110571,1
110573,1
110576,3
110577,1
110578,3
110580,1
110585,2
110586,1
110587,2
110590,2
110591,1
110599,1
110600,2
110603,1
110604,1
110606,2
110607,2
110612,2
110614,1
110615,1
110618,1
110621,1
110626,1
110629,1
110630,1
110632,1
110635,3
110639,1
110642,1
110644,1
110645,1
110646,1
110650,3
110651,1
110653,1
110656,1
110657,1
110659,1
110661,1
110664,1
110666,1
110668,1
110669,1
110671,1
110673,1
110677,1
110678,1
110679,2
110682,1
110685,3
110686,3
110687,1
110688,2
110691,1
110695,1
110700,1
110705,1
110707,1
110714,1
110716,1
110717,2
110721,1
110727,1
110730,1
110731,1
110734,3
110737,3
110739,1
110740,3
110744,1
110747,1
110749,1
110752,1
110753,1
110755,1
110758,1
110759,1
110766,1
110769,2
110774,1
110775,2
110776,2
110779,1
110780,2
110784,1
110787,2
110788,1
110789,2
110791,1
110794,3
110795,1
110799,2
110800,1
110801,1
110802,1
110804,1
110806,1
110811,1
110812,1
110813,1
110815,1
110816,1
110819,1
110821,1
110823,1
110824,1
110835,1
110836,1
110838,1
110841,1
110842,1
110843,2
110844,1
110845,1
110846,1
110849,1
110852,1
110853,1
110858,1
110859,2
110862,1
110864,1
110867,1
110869,1
110873,1
110876,1
110877,1
110881,1
110882,1
110885,1
110889,2
110892,1
110894,2
110899,1
110901,2
110902,2
110905,1
110907,2
110911,1
110916,1
110929,1
110931,1
110935,2
110936,1
110937,1
110938,1
110939,1
110943,1
110946,1
110948,1
110950,1
110953,1
110955,1
110957,1
110959,1
110960,1
110965,1
110967,1
110968,1
110969,1
110970,1
110973,1
110974,2
110975,1
110977,1
110984,1
110987,1
110991,1
110993,1
110995,1
110997,2
110998,1
110999,1
111000,1
111001,1
111002,1
111003,1
111007,1
111009,2
111011,1
111020,1
111021,3
111027,1
111030,1
111032,2
111033,1
111035,1
111038,2
111039,1
111040,1
111041,1
111047,1
111048,1
111050,1
111053,2
111054,1
111055,1
111056,1
111058,1
111061,2
111063,2
111067,2
111068,1
111071,1
111073,1
111075,1
111077,1
111079,1
111081,1
111084,1
111086,1
111087,3
111088,1
111095,1
111097,2
111098,1
111099,1
111102,2
111104,1
111106,1
111107,2
111110,2
111111,1
111115,1
111119,2
111121,3
111123,1
111124,1
111125,1
111127,1
111128,1
111130,2
111131,1
111132,1
111134,1
111136,1
111137,1
111139,1
111140,1
111141,1
111142,2
111151,1
111152,1
111167,1
111168,2
111169,1
111171,1
111172,3
111174,4
111177,1
111180,2
111183,1
111193,1
111194,1
111195,1
111196,1
111197,2
111198,2
111201,1
111204,2
111206,2
111207,1
111209,2
111210,1
111211,3
111213,1
111216,2
111220,1
111224,2
111228,1
111230,1
111233,1
111237,1
111241,1
111246,1
111258,1
111259,1
111261,1
111265,1
111266,1
111269,1
111272,1
111273,2
111279,1
111280,1
111284,1
111289,1
111290,3
111293,1
111297,2
111298,3
111300,1
111301,3
111302,1
111303,1
111304,1
111309,1
111315,1
111320,1
111321,1
111323,2
111325,1
111326,1
111332,2
111333,1
111334,2
111336,2
111339,2
111343,1
111344,1
111349,2
111351,1
111353,2
111356,1
111358,1
111359,1
111363,2
111364,1
111366,1
111368,1
111369,1
111372,2
111376,2
111377,1
111384,1
111388,1
111389,1
111390,2
111391,2
111393,1
111398,1
111402,2
111403,1
111404,1
111405,1
111409,1
111412,2
111413,1
111416,1
111419,1
111420,2
111422,1
111423,1
111424,1
111425,1
111426,1
111427,2
111429,1
111431,1
111433,2
111434,1
111439,1
111442,1
111443,1
111444,2
111449,1
111455,1
111459,1
111460,2
111464,3
111468,1
111469,1
111470,1
111471,2
111472,1
111473,1
111475,2
111476,2
111478,1
111481,2
111483,3
111484,1
111485,1
111486,1
111495,1
111497,1
111498,2
111499,2
111500,3
111502,2
111503,1
111505,2
111508,1
111509,1
111510,1
111515,1
111518,2
111519,1
111524,1
111531,1
111532,1
111535,1
111536,1
111540,1
111542,1
111544,1
111546,1
111548,1
111554,1
111555,1
111556,2
111557,2
111560,1
111564,1
111565,3
111566,2
111567,2
111568,3
111569,1
111570,3
111571,2
111573,1
111574,2
111576,3
111579,3
111580,2
111581,1
111585,1
111586,1
111591,1
111593,2
111595,1
111598,1
111603,2
111604,1
111605,1
111606,1
111611,3
111614,1
111615,1
111616,2
111617,1
111618,1
111620,1
111622,1
111625,1
111627,2
111629,1
111631,1
111632,1
111633,1
111634,1
111637,1
111642,1
111645,2
111647,1
111649,1
111650,1
111651,1
111653,1
111656,1
111659,2
111664,2
111666,2
111670,2
111671,1
111672,1
111674,1
111678,1
111680,1
111683,1
111690,1
111691,1
111694,1
111695,1
111697,1
111700,1
111701,1
111702,1
111706,1
111707,2
111709,2
111712,4
111716,1
111717,2
111718,1
111720,1
111723,1
111725,1
111726,1
111728,1
111730,1
111732,1
111736,2
111742,1
111744,1
111748,1
111749,1
111750,2
111751,1
111755,1
111756,1
111760,2
111761,1
111763,1
111765,1
111766,1
111767,2
111768,1
111770,2
111772,1
111780,1
111781,1
111782,1
111783,1
111785,1
111787,1
111790,1
111791,1
111792,1
111793,1
111794,1
111795,1
111797,1
111800,1
111801,1
111803,2
111804,2
111806,1
111811,1
111813,3
111816,1
111818,1
111819,1
111820,1
111830,1
111832,2
111835,1
111838,1
111839,2
111842,1
111845,1
111846,1
111851,1
111852,1
111855,2
111856,3
111857,1
111858,1
111861,2
111863,2
111864,1
111871,1
111877,1
111878,2
111880,1
111881,2
111883,1
111891,1
111903,1
111905,1
111906,1
111907,2
111909,1
111910,1
111911,1
111912,1
111915,1
111916,1
111917,2
111918,1
111919,1
111921,1
111922,1
111925,1
111926,3
111930,2
111933,2
111935,2
111937,3
111938,1
111940,1
111941,1
111942,2
111946,2
111950,2
111951,1
111956,1
111963,1
111966,1
111967,2
111969,2
111970,1
111972,1
111973,1
111974,1
111977,1
111978,1
111979,1
111982,2
111985,1
111986,1
111992,1
111995,1
111998,1
111999,1
112001,1
112005,1
112006,1
112007,2
112008,2
112014,2
112016,2
112018,1
112019,3
112021,3
112022,1
112024,1
112025,2
112026,1
112029,1
112030,1
112033,3
112034,1
112035,1
112037,1
112038,1
112040,1
112041,2
112043,1
112046,1
112047,1
112048,1
112050,1
112051,1
112053,1
112055,2
112056,1
112057,2
112058,2
112060,1
112061,1
112062,1
112063,1
112067,1
112068,1
112071,1
112074,2
112075,1
112076,2
112079,1
112082,1
112091,1
112095,2
112097,1
112098,1
112099,2
112101,2
112103,1
112104,1
112109,1
112111,1
112114,1
112115,1
112117,1
112120,1
112121,2
112122,1
112123,1
112125,1
112128,2
112131,2
112133,1
112137,1
112140,1
112144,1
112146,1
112148,1
112149,6
112154,1
112156,1
112158,1
112161,2
112164,2
112165,1
112166,1
112169,1
112170,1
112171,1
112173,1
112174,2
112175,1
112184,1
112185,3
112187,1
112194,1
112195,1
112196,1
112198,1
112204,2
112205,1
112206,1
112208,1
112209,1
112213,1
112217,1
112219,2
112221,1
112224,1
112227,1
112228,1
112232,1
112235,1
112236,1
112239,1
112240,2
112241,2
112244,1
112246,1
112248,1
112251,1
112252,2
112253,2
112254,3
112257,1
112262,1
112263,1
112264,1
112265,1
112270,1
112274,1
112275,1
112276,2
112277,1
112278,1
112279,1
112280,1
112285,1
112287,2
112290,2
112295,1
112296,1
112298,3
112299,1
112300,1
112301,1
112303,1
112306,1
112307,1
112311,2
112317,2
112320,2
112324,1
112327,1
112328,1
112329,1
112330,1
112333,1
112336,1
112339,1
112340,1
112341,1
112342,1
112343,1
112344,1
112345,2
112347,2
112348,2
112351,1
112353,1
112354,1
112355,1
112358,1
112361,1
112365,1
112367,2
112368,1
112369,1
112371,1
112374,1
112377,2
112379,1
112384,1
112386,3
112388,1
112390,3
112391,1
112392,1
112394,1
112395,1
112396,1
112397,1
112398,1
112399,1
112401,1
112402,1
112403,1
112407,1
112413,1
112417,1
112418,2
112419,1
112421,1
112422,2
112429,2
112430,1
112433,1
112435,2
112439,1
112442,3
112444,1
112445,1
112446,1
112447,1
112453,1
112455,1
112456,1
112457,3
112466,1
112473,1
112474,1
112477,1
112483,1
112486,1
112488,2
112490,1
112491,1
112493,1
112495,1
112496,1
112497,1
112498,1
112505,1
112506,1
112508,1
112509,2
112511,1
112513,1
112514,2
112518,2
112520,1
112521,1
112522,1
112525,1
112528,1
112529,1
112532,1
112533,1
112536,1
112538,1
112541,1
112542,1
112543,1
112544,1
112545,1
112546,1
112548,1
112549,1
112550,1
112551,1
112554,1
112556,1
112558,1
112563,1
112565,1
112568,1
112571,1
112572,2
112573,1
112574,1
112575,2
112577,2
112581,1
112583,1
112584,3
112585,2
112586,2
112591,1
112593,1
112594,2
112599,1
112601,4
112603,1
112605,1
112608,1
112609,1
112612,1
112613,1
112614,1
112615,1
112618,1
112619,1
112620,1
112621,1
112623,1
112624,1
112626,2
112628,1
112630,3
112631,1
112632,1
112633,1
112634,1
112638,2
112640,1
112651,1
112654,1
112656,1
112662,1
112664,1
112671,1
112672,1
112673,1
112680,1
112681,1
112682,1
112683,1
112688,1
112690,1
112691,2
112692,1
112693,2
112694,2
112695,1
112696,1
112697,1
112698,1
112699,1
112702,1
112707,1
112709,1
112711,1
112712,1
112714,1
112715,1
112719,1
112720,1
112725,2
112726,1
112731,1
112732,1
112735,1
112741,1
112745,1
112747,2
112748,1
112750,1
112752,1
112753,2
112755,1
112758,1
112760,1
112762,1
112767,1
112768,1
112770,1
112771,1
112774,1
112775,1
112778,1
112782,1
112783,1
112784,1
112787,1
112790,2
112791,1
112793,1
112794,1
112795,2
112800,1
112803,1
112805,1
112811,2
112813,1
112815,1
112820,2
112821,1
112822,1
112825,2
112828,1
112831,1
112832,1
112834,1
112839,1
112840,1
112841,1
112842,1
112844,1
112848,3
112849,1
112850,1
112853,1
112860,1
112861,2
112864,1
112866,1
112868,2
112870,2
112872,2
112877,1
112882,1
112884,1
112886,1
112888,1
112889,2
112890,1
112893,1
112899,1
112900,2
112902,1
112905,2
112906,1
112908,1
112913,2
112918,1
112919,2
112925,1
112926,1
112928,2
112929,1
112933,2
112935,2
112936,2
112943,1
112951,2
112952,1
112953,1
112954,2
112955,1
112958,1
112962,1
112964,2
112966,1
112968,1
112971,1
112972,1
112974,1
112976,1
112977,1
112979,3
112980,1
112981,1
112982,1
112986,3
112988,1
112991,1
112992,1
112995,1
112996,1
112997,1
113002,1
113009,2
113010,1
113011,1
113012,1
113013,2
113015,2
113016,1
113017,1
113021,1
113022,1
113023,1
113024,2
113027,1
113028,1
113029,2
113031,1
113033,1
113037,1
113038,1
113039,2
113041,1
113046,2
113047,1
113049,1
113051,1
113056,2
113059,1
113062,1
113063,1
113065,1
113066,1
113067,2
113069,1
113071,1
113075,1
113078,1
113081,1
113090,2
113091,1
113096,1
113097,2
113098,2
113103,4
113104,1
113106,1
113109,1
113112,1
113113,1
113114,2
113115,1
113117,1
113118,2
113122,1
113124,1
113125,2
113126,1
113131,1
113137,1
113139,1
113143,1
113144,1
113145,1
113146,1
113151,1
113152,1
113160,1
113163,1
113166,1
113167,1
113168,1
113172,1
113175,1
113176,1
113177,1
113179,1
113184,1
113187,2
113188,1
113189,1
113190,1
113192,1
113194,3
113197,1
113198,1
113199,1
113200,1
113203,1
113205,2
113206,1
113207,1
113208,1
113210,1
113211,1
113212,1
113214,1
113217,1
113220,1
113221,3
113227,1
113229,1
113232,1
113237,1
113239,1
113241,1
113242,1
113243,1
113244,1
113248,1
113249,1
113252,1
113263,1
113272,1
113275,1
113279,3
113281,2
113282,1
113286,1
113287,1
113288,1
113295,1
113302,1
113303,1
113304,1
113306,1
113308,1
113309,1
113310,1
113315,1
113316,1
113317,1
113318,1
113319,1
113321,1
113324,1
113328,2
113329,1
113331,1
113332,1
113335,1
113337,1
113338,1
113341,1
113350,1
113351,1
113352,1
113355,1
113356,1
113361,1
113362,1
113363,1
113365,1
113371,1
113373,1
113375,1
113376,1
113377,3
113379,1
113382,1
113395,1
113396,1
113398,1
113400,2
113406,1
113407,1
113410,2
113411,1
113418,1
113419,2
113421,1
113422,1
113424,1
113426,2
113427,1
113429,1
113431,1
113435,1
113439,1
113442,1
113445,1
113447,1
113449,1
113450,1
113452,1
113453,1
113455,1
113457,1
113459,1
113460,1
113462,1
113463,1
113464,1
113465,2
113466,1
113477,1
113483,1
113485,3
113487,1
113489,1
113491,1
113492,1
113496,1
113498,1
113499,1
113503,1
113504,1
113511,1
113512,1
113520,1
113522,1
113523,2
113525,1
113528,3
113540,1
113541,1
113543,1
113545,1
113547,2
113548,1
113550,1
113551,1
113554,1
113555,1
113556,1
113562,3
113564,1
113565,1
113566,1
113568,2
113569,1
113575,1
113576,2
113579,1
113580,1
113583,1
113585,1
113587,2
113592,1
113596,1
113599,1
113600,2
113601,1
113602,1
113603,1
113605,1
113609,2
113610,1
113611,1
113612,1
113614,1
113615,1
113616,2
113621,2
113622,1
113623,1
113624,1
113626,1
113629,1
113631,1
113632,3
113639,2
113640,2
113641,2
113647,1
113652,1
113653,1
113656,1
113657,1
113658,1
113669,1
113672,2
113674,3
113675,1
113676,2
113677,1
113682,1
113687,1
113688,1
113692,1
113694,3
113695,2
113697,1
113699,3
113700,1
113701,2
113702,2
113707,1
113709,1
113715,2
113723,1
113725,1
113727,2
113728,1
113731,2
113732,1
113733,1
113734,2
113736,1
113738,1
113739,1
113742,2
113744,3
113745,2
113746,1
113750,2
113752,1
113756,1
113758,1
113760,1
113761,3
113762,1
113763,1
113765,1
113773,1
113775,2
113776,1
113779,1
113780,1
113781,1
113786,2
113789,1
113790,2
113791,1
113792,2
113794,1
113795,1
113796,1
113800,1
113801,1
113802,1
113808,1
113812,1
113813,1
113816,2
113817,1
113819,2
113821,1
113823,1
113824,2
113827,1
113828,1
113829,1
113830,1
113831,1
113832,1
113837,3
113838,2
113840,2
113842,1
113848,1
113849,1
113852,1
113853,2
113855,1
113858,1
113860,1
113862,1
113863,2
113865,1
113867,2
113870,1
113872,1
113875,2
113878,1
113879,1
113881,2
113882,1
113883,2
113885,1
113886,1
113888,1
113889,1
113891,1
113893,1
113896,1
113898,1
113902,1
113911,1
113914,1
113916,1
113917,3
113919,2
113923,1
113925,1
113928,1
113930,2
113932,2
113934,2
113938,1
113940,1
113941,2
113942,1
113944,1
113945,1
113947,2
113948,1
113954,1
113957,1
113961,1
113962,1
113965,1
113968,1
113969,1
113972,1
113974,1
113975,1
113977,1
113978,1
113979,1
113980,1
113984,1
113985,1
113987,1
113990,2
113991,1
113993,1
113994,1
113996,1
113997,1
113999,2
114000,1
114001,1
114004,1
114005,2
114007,1
114008,2
114010,1
114011,2
114012,1
114013,1
114014,1
114016,2
114022,2
114027,2
114029,1
114030,1
114035,1
114036,1
114037,1
114039,1
114044,1
114045,1
114046,2
114048,2
114049,2
114051,2
114052,1
114053,1
114056,2
114058,1
114060,1
114062,1
114063,2
114064,1
114067,1
114070,1
114072,1
114073,1
114077,1
114082,1
114087,1
114090,1
114091,1
114092,1
114096,1
114102,2
114106,1
114107,1
114109,2
114110,1
114111,1
114112,3
114113,3
114114,1
114126,1
114131,2
114134,1
114135,2
114136,1
114141,1
114143,2
114145,1
114146,1
114147,1
114149,1
114154,1
114155,3
114159,1
114165,1
114166,1
114168,1
114169,1
114170,1
114171,1
114172,1
114175,2
114176,2
114177,1
114178,1
114180,2
114186,2
114187,2
114190,1
114196,1
114197,1
114208,1
114210,1
114211,1
114214,1
114215,1
114218,1
114224,1
114226,1
114229,1
114233,1
114237,1
114241,2
114242,1
114243,1
114246,1
114248,2
114249,2
114252,2
114253,2
114265,1
114267,1
114270,2
114275,1
114277,2
114279,1
114280,1
114281,1
114285,1
114286,1
114287,1
114290,1
114291,1
114293,1
114296,1
114298,2
114302,1
114304,1
114306,2
114307,1
114312,3
114313,2
114318,1
114322,1
114330,1
114333,1
114335,1
114336,1
114337,1
114340,1
114343,2
114345,1
114347,2
114349,1
114350,3
114352,1
114353,2
114354,1
114357,1
114359,1
114361,2
114362,1
114363,1
114369,1
114373,1
114382,1
114383,1
114385,2
114386,1
114387,1
114388,1
114390,1
114391,1
114392,2
114393,1
114396,3
114400,1
114406,1
114408,1
114410,1
114412,1
114414,2
114417,2
114419,1
114420,3
114421,1
114424,1
114426,1
114429,2
114437,1
114438,1
114441,1
114445,1
114446,2
114447,1
114448,2
114452,1
114454,2
114455,2
114458,1
114459,2
114462,1
114463,1
114464,1
114467,1
114471,1
114473,3
114475,2
114477,2
114478,1
114479,1
114480,1
114484,1
114485,1
114489,1
114491,1
114496,3
114499,1
114501,2
114502,1
114504,1
114505,1
114506,2
114507,1
114510,1
114513,1
114514,2
114515,2
114516,1
114517,1
114519,4
114520,1
114523,1
114524,1
114526,2
114528,1
114530,1
114531,2
114533,1
114535,1
114536,2
114538,1
114540,1
114543,2
114544,1
114545,2
114547,1
114551,1
114552,1
114555,1
114556,1
114557,1
114559,1
114560,1
114565,1
114566,1
114570,2
114571,1
114573,1
114575,2
114578,1
114583,1
114584,1
114586,2
114587,1
114589,1
114595,1
114596,1
114599,1
114602,1
114603,1
114604,1
114605,1
114606,1
114608,1
114609,1
114610,1
114615,1
114616,1
114617,1
114620,1
114623,1
114626,2
114630,4
114635,1
114637,1
114641,1
114643,1
114646,1
114648,1
114650,2
114651,2
114655,1
114656,1
114657,1
114658,2
114659,1
114666,1
114670,1
114671,1
114677,1
114679,1
114681,1
114682,1
114686,1
114688,1
114689,1
114690,2
114691,1
114692,1
114694,1
114695,1
114696,1
114700,1
114702,1
114703,2
114704,1
114706,3
114707,2
114718,3
114719,1
114720,2
114721,1
114722,1
114728,1
114729,1
114736,1
114738,1
114741,2
114742,1
114744,2
114746,2
114752,1
114754,1
114755,1
114757,2
114760,1
114762,1
114764,1
114766,1
114769,1
114775,2
114776,1
114778,1
114782,1
114784,2
114788,2
114791,1
114799,1
114800,1
114801,1
114802,1
114804,1
114808,1
114809,1
114810,1
114811,1
114812,1
114814,2
114818,1
114820,1
114821,1
114826,1
114828,1
114830,1
114831,2
114833,1
114837,1
114843,1
114845,1
114848,1
114849,1
114850,3
114856,1
114857,2
114859,1
114860,2
114862,1
114863,1
114865,1
114866,1
114867,1
114869,1
114870,3
114871,1
114872,1
114873,1
114874,2
114876,1
114880,2
114885,1
114887,1
114888,1
114891,3
114892,1
114894,1
114897,1
114899,1
114900,1
114906,1
114907,1
114908,1
114910,2
114911,1
114919,1
114920,1
114922,1
114923,1
114925,1
114927,1
114934,2
114936,2
114937,1
114942,1
114947,1
114948,1
114949,1
114950,1
114951,1
114952,1
114953,2
114954,1
114957,1
114961,1
114965,1
114966,1
114968,1
114969,1
114971,1
114972,1
114975,1
114979,1
114981,2
114984,2
114989,2
114993,1
114996,3
115003,1
115007,1
115009,1
115012,1
115014,1
115015,2
115018,1
115019,2
115024,1
115028,1
115030,1
115031,1
115032,2
115034,1
115041,1
115043,1
115046,1
115047,1
115048,2
115049,2
115051,1
115052,1
115060,2
115061,1
115062,1
115066,2
115069,1
115071,1
115076,1
115078,1
115089,1
115090,2
115092,1
115094,1
115095,1
115097,1
115098,2
115099,1
115102,1
115103,1
115105,1
115108,3
115110,3
115111,1
115116,1
115117,1
115119,1
115120,1
115123,1
115124,1
115125,1
115130,1
115134,1
115137,1
115139,1
115141,2
115143,1
115147,2
115148,2
115151,1
115153,1
115155,1
115156,1
115158,2
115163,1
115167,2
115168,1
115169,2
115173,1
115174,1
115176,1
115177,1
115179,2
115182,1
115184,1
115186,1
115190,1
115192,1
115193,2
115196,2
115202,2
115204,2
115210,2
115213,1
115214,2
115216,1
115217,1
115222,2
115223,1
115226,1
115232,1
115234,1
115238,1
115240,1
115241,1
115242,1
115244,1
115245,1
115246,1
115247,2
115248,2
115249,2
115250,2
115253,1
115255,1
115256,1
115258,1
115260,1
115261,2
115263,2
115267,1
115270,1
115271,1
115273,1
115278,1
115279,2
115280,1
115281,1
115284,2
115285,1
115288,1
115289,1
115290,1
115291,1
115293,1
115294,1
115295,1
115296,1
115300,1
115302,1
115304,3
115306,2
115308,1
115309,1
115310,1
115312,1
115318,1
115320,1
115321,2
115322,1
115323,1
115325,1
115326,1
115327,1
115328,1
115332,1
115333,3
115334,1
115344,1
115347,2
115350,1
115354,1
115355,1
115359,1
115360,1
115362,1
115363,1
115366,1
115369,1
115376,2
115377,1
115382,1
115384,1
115385,1
115391,1
115392,1
115393,1
115395,2
115398,1
115400,1
115402,1
115405,1
115407,1
115410,1
115411,1
115412,3
115413,1
115416,1
115420,1
115421,1
115425,1
115429,2
115430,1
115433,2
115436,1
115439,1
115440,1
115443,1
115444,1
115445,1
115446,3
115449,1
115451,3
115452,2
115455,1
115456,1
115461,1
115464,1
115465,1
115471,1
115475,1
115480,1
115484,1
115485,2
115486,1
115490,1
115494,2
115495,1
115496,1
115500,1
115505,2
115506,2
115508,1
115509,2
115510,1
115512,1
115514,1
115515,1
115518,1
115527,1
115530,1
115533,1
115534,1
115536,1
115541,1
115542,1
115544,2
115545,1
115546,1
115548,1
115553,1
115554,2
115556,2
115561,1
115564,1
115565,2
115566,2
115567,1
115568,1
115569,1
115571,1
115572,1
115573,1
115574,1
115575,1
115577,1
115578,1
115579,2
115582,1
115583,1
115590,1
115594,2
115595,1
115596,1
115597,2
115599,2
115604,1
115605,1
115610,1
115611,2
115612,1
115613,1
115617,1
115621,1
115623,2
115626,1
115627,2
115629,2
115631,1
115632,2
115633,1
115639,1
115641,2
115644,2
115646,1
115650,1
115654,1
115656,2
115657,1
115660,1
115666,1
115667,2
115670,1
115671,1
115675,1
115679,1
115687,1
115689,2
115691,1
115699,1
115701,2
115704,1
115705,1
115706,1
115707,1
115708,1
115712,1
115713,1
115714,1
115718,1
115724,1
115725,1
115727,1
115730,1
115735,2
115736,1
115738,1
115739,1
115740,1
115742,1
115746,1
115748,1
115751,1
115754,1
115755,1
115759,1
115761,2
115763,1
115768,1
115770,1
115775,1
115783,1
115784,1
115787,1
115789,2
115792,1
115793,1
115794,1
115795,1
115800,1
115801,1
115803,1
115808,1
115812,1
115813,1
115817,2
115824,1
115829,1
115835,1
115836,1
115840,2
115844,1
115845,2
115847,3
115848,1
115854,2
115855,1
115856,1
115860,1
115861,1
115862,1
115863,1
115864,2
115866,1
115868,1
115869,1
115870,2
115872,1
115873,1
115874,1
115876,2
115877,2
115880,1
115884,2
115885,2
115886,1
115887,2
115894,3
115895,1
115898,1
115900,1
115901,1
115902,1
115906,1
115907,2
115913,1
115915,2
115920,1
115922,1
115925,1
115926,1
115929,1
115930,2
115931,1
115933,1
115935,2
115937,1
115943,2
115944,1
115946,1
115949,2
115950,1
115951,1
115953,1
115957,1
115966,1
115968,1
115969,1
115970,2
115971,2
115975,1
115983,2
115984,1
115985,1
115986,2
115988,1
115989,1
115990,2
115993,1
115995,1
116002,2
116003,1
116004,4
116010,1
116015,1
116017,1
116018,1
116019,2
116024,1
116027,1
116029,1
116032,2
116033,1
116034,1
116038,1
116039,1
116040,1
116045,1
116049,1
116050,1
116051,1
116054,1
116056,1
116057,1
116060,1
116061,1
116062,2
116067,2
116068,2
116069,2
116070,1
116079,1
116081,1
116082,1
116083,2
116084,1
116087,1
116089,1
116091,1
116092,2
116094,2
116095,2
116096,2
116097,1
116098,2
116101,1
116104,1
116106,2
116111,1
116112,1
116113,1
116116,1
116118,1
116123,1
116125,1
116128,1
116131,2
116133,2
116135,1
116139,1
116145,1
116147,1
116149,1
116151,2
116155,1
116157,1
116161,2
116164,1
116165,1
116166,1
116167,1
116168,2
116169,1
116172,1
116174,1
116175,1
116176,2
116179,1
116182,1
116184,1
116187,1
116189,1
116196,2
116198,1
116201,1
116203,1
116206,1
116207,1
116215,1
116216,1
116219,2
116220,1
116222,1
116225,1
116228,1
116229,1
116231,1
116236,1
116237,4
116238,1
116243,1
116252,1
116253,1
116256,1
116258,1
116261,2
116265,1
116266,1
116267,1
116270,1
116272,2
116273,2
116274,1
116277,2
116279,1
116281,2
116287,2
116288,1
116291,1
116294,1
116297,1
116306,1
116307,1
116308,1
116309,1
116311,1
116314,1
116316,1
116320,1
116321,1
116324,1
116325,1
116328,1
116334,1
116338,1
116342,2
116345,1
116347,1
116349,2
116351,1
116359,1
116361,1
116362,2
116367,2
116369,1
116371,1
116372,1
116373,1
116374,1
116375,1
116376,1
116377,1
116378,2
116379,1
116381,1
116383,2
116386,2
116387,1
116390,1
116397,1
116401,1
116404,1
116405,1
116406,1
116410,2
116411,1
116413,1
116414,2
116417,1
116418,2
116422,1
116423,1
116427,2
116431,2
116437,1
116440,1
116441,1
116442,1
116443,1
116445,1
116448,2
116451,1
116452,1
116456,1
116457,1
116458,2
116459,1
116460,1
116461,1
116463,2
116469,1
116470,2
116474,1
116475,1
116478,1
116482,1
116483,1
116486,1
116487,2
116488,1
116491,1
116492,2
116494,1
116495,1
116501,1
116502,1
116503,1
116507,1
116515,1
116516,1
116517,1
116519,3
116521,1
116525,2
116526,1
116527,1
116530,1
116531,1
116532,1
116534,1
116537,1
116542,1
116543,3
116544,1
116545,1
116548,1
116552,2
116553,1
116555,1
116560,2
116565,1
116570,1
116576,1
116579,1
116581,1
116582,1
116584,1
116587,3
116595,1
116596,1
116598,1
116600,2
116602,1
116604,1
116606,1
116608,1
116609,1
116610,1
116612,1
116616,1
116618,1
116619,1
116625,1
116627,1
116633,1
116636,1
116637,1
116640,2
116648,1
116650,1
116651,1
116655,1
116657,1
116660,1
116662,1
116663,1
116666,1
116667,1
116668,1
116669,1
116670,2
116672,2
116674,1
116675,1
116679,1
116681,1
116688,1
116691,1
116692,2
116694,2
116695,2
116696,1
116698,2
116699,1
116704,1
116707,1
116709,1
116710,1
116712,1
116717,1
116720,1
116722,1
116724,1
116725,3
116728,1
116730,1
116731,1
116732,1
116735,1
116738,1
116740,1
116741,1
116745,1
116746,1
116747,2
116749,2
116750,1
116754,1
116756,1
116757,1
116759,1
116765,1
116769,1
116772,1
116773,1
116777,1
116781,1
116782,1
116784,2
116786,1
116790,1
116792,2
116793,1
116794,1
116795,2
116801,1
116803,1
116805,1
116807,1
116811,1
116815,1
116818,1
116819,1
116823,2
116824,1
116832,1
116833,1
116836,2
116839,1
116842,1
116844,1
116847,1
116848,1
116849,1
116851,1
116853,1
116855,1
116857,1
116862,1
116863,1
116866,1
116868,1
116869,1
116870,2
116872,1
116873,1
116876,1
116878,1
116879,1
116880,1
116882,1
116884,2
116885,1
116886,3
116887,1
116888,2
116890,1
116893,1
116894,2
116900,1
116903,1
116904,1
116910,2
116911,1
116915,1
116918,1
116921,1
116922,1
116923,1
116925,1
116927,1
116930,2
116931,1
116935,1
116937,1
116939,2
116941,2
116942,1
116943,1
116945,1
116946,1
116948,1
116950,1
116955,1
116956,2
116958,1
116960,2
116961,1
116963,1
116965,2
116967,1
116969,1
116970,1
116971,1
116972,1
116974,1
116975,1
116976,3
116982,1
116984,1
116986,1
116987,1
116988,1
116989,2
116990,2
116991,1
116992,2
116993,1
116994,1
117003,2
117008,2
117009,1
117010,3
117011,1
117013,2
117015,1
117016,2
117019,1
117022,1
117025,1
117027,1
117031,2
117039,2
117040,1
117041,1
117043,1
117045,1
117049,1
117052,2
117053,2
117055,2
117066,1
117067,1
117069,1
117072,1
117073,1
117074,2
117076,1
117077,1
117079,1
117080,1
117082,1
117083,1
117084,1
117092,1
117094,2
117095,2
117098,1
117104,1
117111,1
117113,1
117117,1
117118,1
117125,1
117126,1
117127,1
117128,1
117129,2
117130,1
117133,1
117134,1
117135,1
117136,1
117140,1
117144,2
117150,1
117152,2
117153,2
117158,1
117162,3
117163,1
117164,1
117165,1
117166,2
117167,1
117168,2
117173,1
117174,1
117181,2
117183,1
117185,1
117188,1
117189,1
117191,1
117192,1
117193,1
117194,1
117195,1
117200,1
117205,2
117207,1
117208,2
117210,1
117211,1
117212,1
117214,1
117217,1
117221,1
117226,1
117227,1
117229,1
117230,2
117239,1
117240,2
117241,1
117242,1
117243,2
117244,1
117246,1
117248,1
117256,1
117257,1
117258,1
117259,1
117261,2
117263,1
117269,1
117270,1
117271,1
117272,1
117273,1
117274,1
117276,1
117277,1
117279,1
117280,1
117281,1
117283,1
117284,2
117285,2
117290,3
117293,2
117294,2
117295,2
117296,1
117298,1
117300,2
117302,1
117303,1
117308,1
117309,2
117310,1
117312,1
117313,1
117317,2
117319,1
117320,1
117323,1
117325,1
117327,1
117328,1
117330,1
117332,1
117333,1
117334,1
117337,1
117338,1
117340,1
117342,1
117347,2
117349,2
117350,1
117357,2
117359,2
117360,1
117361,1
117362,1
117365,1
117367,1
117371,2
117372,1
117373,3
117374,1
117375,1
117376,2
117380,1
117390,3
117392,1
117398,2
117402,1
117403,1
117405,1
117408,2
117410,1
117412,1
117416,2
117418,1
117419,1
117423,2
117427,1
117429,1
117430,1
117433,2
117435,1
117442,1
117444,1
117445,3
117446,1
117448,3
117450,1
117451,1
117452,1
117457,2
117458,1
117459,1
117461,3
117462,1
117463,1
117465,1
117466,1
117467,2
117468,1
117469,1
117472,1
117473,1
117474,1
117478,2
117482,2
117484,3
117486,1
117488,1
117489,1
117491,1
117492,1
117495,1
117498,2
117500,1
117503,1
117504,1
117507,1
117511,1
117512,1
117513,1
117516,1
117521,1
117526,1
117527,1
117528,2
117530,2
117531,1
117533,1
117537,2
117542,2
117545,2
117546,1
117550,1
117552,3
117553,1
117555,1
117557,1
117561,1
117562,1
117568,1
117569,4
117571,1
117573,1
117574,3
117576,1
117577,1
117579,1
117584,1
117585,1
117587,1
117589,1
117591,1
117592,1
117607,1
117608,1
117610,1
117613,1
117620,1
117621,1
117622,1
117623,1
117624,1
117628,1
117632,3
117633,1
117634,1
117635,1
117637,1
117641,2
117642,1
117643,2
117646,1
117649,1
117651,2
117658,2
117661,1
117663,2
117668,2
117669,2
117670,2
117671,2
117673,1
117674,3
117677,1
117680,1
117683,1
117685,3
117687,1
117688,1
117689,1
117691,2
117695,2
117696,1
117698,2
117700,2
117701,1
117702,2
117704,1
117705,1
117707,1
117709,1
117713,1
117715,2
117716,2
117717,1
117718,1
117720,1
117721,1
117722,1
117726,1
117727,1
117730,1
117734,1
117736,1
117738,1
117740,1
117742,1
117744,2
117748,1
117749,2
117750,1
117751,1
117753,1
117755,3
117758,1
117762,1
117764,1
117765,1
117766,1
117767,2
117770,1
117771,1
117772,1
117774,1
117777,1
117778,1
117782,1
117784,1
117786,1
117790,2
117791,1
117793,1
117795,1
117797,1
117798,1
117799,1
117803,1
117805,1
117808,2
117810,1
117812,2
117814,2
117815,1
117822,1
117823,1
117833,2
117834,2
117835,2
117836,1
117839,1
117840,1
117841,2
117843,2
117844,1
117845,1
117846,1
117847,1
117849,1
117850,1
117852,1
117856,2
117857,1
117860,1
117862,3
117863,2
117865,2
117866,1
117867,1
117868,1
117873,2
117875,1
117877,1
117878,1
117892,2
117893,3
117895,1
117896,1
117898,1
117899,1
117901,1
117906,2
117907,3
117910,1
117911,1
117912,1
117915,2
117916,1
117917,1
117921,1
117922,1
117923,1
117924,1
117927,1
117929,1
117934,1
117935,2
117936,1
117937,1
117938,1
117941,1
117943,1
117945,1
117946,1
117947,1
117948,1
117951,1
117952,1
117955,3
117956,1
117957,1
117958,1
117960,1
117961,2
117967,2
117968,1
117969,1
117970,1
117971,1
117987,2
117989,2
117991,3
117993,1
117995,2
117999,2
118000,1
118010,1
118011,1
118012,1
118013,2
118014,1
118017,1
118020,1
118021,1
118022,1
118023,1
118025,2
118026,1
118027,1
118028,1
118031,1
118032,1
118039,1
118040,1
118041,1
118042,1
118044,2
118047,2
118048,1
118049,2
118053,1
118055,2
118056,1
118060,1
118062,1
118064,2
118066,1
118069,1
118070,2
118071,1
118072,1
118082,1
118083,1
118085,1
118089,1
118090,3
118092,2
118093,1
118095,1
118100,1
118101,1
118105,1
118107,1
118108,1
118110,1
118114,2
118118,1
118119,2
118120,1
118121,2
118123,1
118126,1
118129,1
118132,1
118135,1
118136,2
118138,1
118139,1
118146,1
118148,1
118151,1
118153,1
118155,1
118156,1
118157,1
118158,2
118160,1
118162,1
118167,1
118168,1
118171,1
118172,1
118184,3
118185,1
118188,1
118189,1
118191,1
118200,1
118202,1
118203,1
118204,1
118205,1
118206,1
118207,1
118208,1
118209,1
118210,1
118215,2
118217,1
118220,1
118221,1
118228,2
118230,1
118231,1
118232,1
118233,1
118234,2
118238,1
118240,1
118241,1
118245,1
118247,2
118248,2
118249,1
118252,1
118253,1
118257,2
118261,3
118267,1
118269,2
118280,1
118283,1
118284,1
118286,1
118288,1
118294,1
118295,1
118296,1
118297,1
118299,2
118303,1
118304,2
118305,1
118309,2
118310,1
118313,1
118314,2
118315,1
118324,3
118331,1
118332,1
118333,1
118335,1
118337,2
118338,1
118342,1
118344,1
118348,1
118350,2
118352,1
118353,1
118355,1
118359,2
118360,1
118364,1
118365,1
118367,1
118368,1
118372,1
118374,2
118379,2
118385,1
118386,1
118388,3
118389,1
118391,2
118392,1
118396,1
118403,1
118404,2
118411,1
118412,2
118416,2
118417,1
118420,2
118421,2
118426,1
118428,1
118430,1
118432,1
118436,2
118437,2
118439,1
118443,1
118449,1
118452,1
118453,1
118455,1
118458,1
118462,3
118463,2
118472,1
118473,1
118474,1
118475,2
118476,1
118478,1
118480,1
118481,3
118485,1
118486,2
118487,1
118490,1
118491,1
118494,1
118496,3
118501,1
118502,1
118503,1
118504,2
118507,1
118511,2
118514,1
118515,1
118518,1
118519,1
118522,1
118525,1
118527,3
118533,1
118535,2
118539,1
118543,1
118547,1
118549,1
118550,1
118553,1
118554,1
118557,3
118561,1
118562,1
118567,1
118569,1
118571,2
118574,1
118576,1
118580,1
118582,3
118583,1
118584,3
118586,1
118588,1
118589,1
118591,3
118603,2
118606,1
118608,1
118609,1
118610,1
118613,2
118619,2
118620,1
118624,3
118625,1
118628,1
118629,1
118632,1
118634,1
118636,1
118641,1
118644,1
118645,1
118647,1
118648,1
118649,1
118650,3
118651,1
118652,1
118653,1
118655,1
118659,1
118660,2
118663,2
118664,1
118670,1
118671,1
118674,1
118676,1
118678,1
118679,1
118682,1
118685,2
118688,2
118689,2
118691,1
118693,1
118697,2
118698,1
118699,1
118701,2
118702,2
118704,1
118705,1
118707,1
118711,2
118714,1
118718,2
118719,1
118721,1
118722,1
118725,1
118726,1
118727,2
118730,3
118734,1
118736,3
118738,1
118739,2
118742,1
118744,1
118745,1
118747,1
118748,1
118749,1
118750,1
118752,1
118753,3
118757,1
118758,5
118764,2
118765,1
118766,1
118768,1
118770,1
118771,1
118774,1
118776,1
118777,1
118778,2
118779,1
118781,1
118782,1
118784,1
118785,1
118787,1
118790,1
118792,1
118793,1
118794,1
118795,1
118798,2
118800,1
118809,1
118810,2
118812,1
118813,1
118815,1
118817,1
118820,2
118825,1
118827,1
118831,1
118832,1
118834,2
118842,1
118844,1
118845,1
118849,1
118853,1
118855,1
118856,1
118858,1
118861,1
118862,1
118864,2
118866,2
118867,1
118869,1
118872,2
118874,3
118875,1
118878,1
118880,1
118885,3
118888,1
118890,1
118891,2
118894,1
118896,1
118901,1
118905,1
118906,1
118910,1
118912,1
118913,1
118915,1
118918,2
118920,1
118923,1
118927,1
118928,1
118940,2
118943,1
118944,1
118945,1
118949,1
118950,2
118954,1
118955,2
118957,2
118960,1
118965,3
118967,2
118969,1
118970,1
118971,1
118972,2
118973,2
118975,1
118976,1
118977,1
118980,1
118981,1
118982,3
118983,1
118985,2
118986,1
118991,1
118992,1
118994,1
118996,2
118997,2
118998,1
118999,3
119001,2
119002,1
119003,2
119007,1
119013,1
119015,2
119016,2
119019,1
119021,1
119023,2
119024,1
119025,1
119027,2
119028,1
119029,2
119031,1
119034,1
119037,1
119038,2
119039,2
119043,1
119044,1
119046,1
119048,1
119050,1
119051,2
119052,1
119053,1
119058,2
119059,1
119060,1
119062,1
119063,1
119064,1
119069,1
119079,3
119081,1
119082,1
119083,2
119087,2
119092,2
119093,1
119094,1
119097,1
119098,4
119099,1
119102,1
119104,1
119107,1
119109,1
119112,1
119115,1
119118,2
119121,1
119123,1
119124,1
119129,2
119131,1
119135,1
119136,1
119140,1
119141,1
119144,1
119145,1
119148,1
119149,1
119150,1
119151,1
119153,1
119154,1
119155,1
119156,1
119157,1
119159,2
119160,1
119162,1
119163,1
119165,1
119166,2
119167,1
119168,1
119169,1
119172,2
119173,2
119174,1
119178,1
119180,2
119181,1
119182,1
119183,2
119186,1
119188,1
119190,1
119192,1
119193,1
119195,1
119197,2
119198,1
119201,1
119202,1
119203,1
119207,1
119214,1
119217,1
119219,2
119220,1
119221,1
119224,1
119226,1
119227,1
119229,2
119232,3
119234,1
119236,1
119238,1
119240,2
119246,1
119247,1
119248,1
119249,1
119250,1
119254,4
119255,1
119258,1
119259,1
119261,1
119263,2
119265,1
119266,1
119267,1
119268,1
119269,1
119271,2
119272,3
119273,1
119275,1
119279,1
119280,2
119281,2
119282,1
119285,1
119286,1
119287,1
119288,1
119289,1
119291,1
119298,1
119299,2
119305,1
119307,1
119308,1
119310,3
119311,1
119312,1
119314,2
119317,1
119319,1
119320,1
119322,1
119326,1
119328,1
119330,2
119332,2
119333,1
119342,2
119345,1
119346,1
119347,1
119350,1
119352,1
119353,1
119355,2
119357,1
119360,1
119361,1
119367,1
119368,1
119369,1
119374,2
119375,1
119376,1
119379,1
119382,1
119383,1
119384,4
119385,1
119386,3
119387,1
119388,1
119391,1
119392,1
119395,1
119396,2
119397,1
119399,1
119400,1
119401,1
119403,1
119404,1
119405,1
119406,1
119411,1
119412,1
119414,2
119415,1
119417,3
119419,1
119423,1
119427,1
119430,1
119432,1
119434,1
119435,1
119438,1
119443,1
119444,1
119445,2
119448,2
119451,1
119453,1
119462,1
119464,1
119467,1
119468,1
119471,1
119472,1
119474,2
119475,1
119476,1
119477,1
119482,1
119486,1
119487,1
119488,2
119489,1
119491,1
119494,1
119495,1
119499,1
119500,1
119506,4
119508,2
119512,1
119517,1
119518,1
119519,1
119521,3
119522,1
119526,1
119527,1
119531,1
119532,1
119540,1
119542,1
119544,1
119545,2
119546,1
119548,1
119554,2
119555,2
119557,1
119558,1
119563,1
119566,1
119571,1
119573,2
119574,1
119577,2
119578,2
119579,1
119582,1
119584,1
119587,1
119588,1
119590,2
119593,1
119594,1
119595,1
119597,2
119600,1
119601,1
119602,1
119606,1
119608,2
119610,1
119611,1
119614,1
119616,1
119617,1
119620,1
119621,1
119624,1
119632,1
119635,1
119636,1
119637,1
119640,1
119643,1
119645,1
119646,1
119647,1
119649,1
119652,2
119653,1
119654,1
119655,2
119656,1
119659,1
119660,1
119661,1
119666,1
119668,1
119669,1
119673,1
119674,1
119675,1
119679,2
119680,1
119681,1
119682,2
119683,1
119685,2
119687,2
119688,1
119691,1
119692,1
119693,2
119699,2
119701,1
119702,1
119703,1
119704,1
119705,1
119706,1
119707,1
119711,1
119717,1
119721,1
119722,3
119724,1
119725,2
119726,2
119728,1
119729,1
119733,1
119736,1
119737,1
119738,1
119740,1
119741,1
119742,1
119743,2
119744,3
119747,1
119750,1
119751,1
119752,1
119754,1
119755,2
119758,1
119760,1
119762,1
119764,1
119765,1
119766,1
119767,1
119769,2
119770,1
119771,1
119773,1
119779,1
119781,1
119782,2
119783,1
119784,1
119786,1
119787,1
119791,2
119792,1
119793,2
119797,2
119798,2
119799,1
119801,1
119803,1
119805,1
119806,1
119807,3
119808,1
119809,1
119812,1
119814,1
119819,1
119821,1
119822,2
119825,1
119827,1
119828,1
119829,1
119830,1
119834,2
119836,1
119840,2
119843,1
119846,1
119859,1
119861,1
119864,1
119866,2
119867,1
119868,1
119869,2
119875,1
119882,1
119885,2
119886,1
119887,1
119889,1
119890,1
119894,1
119898,1
119901,1
119902,1
119903,1
119904,2
119905,1
119906,2
119907,1
119908,1
119909,1
119911,1
119914,1
119920,2
119925,1
119929,1
119931,2
119935,1
119936,1
119941,1
119942,1
119944,1
119955,2
119959,1
119960,1
119966,1
119967,1
119970,1
119971,1
119974,1
119977,1
119981,1
119982,1
119983,1
119986,1
119988,1
119989,2
119990,1
119991,2
119992,1
119994,1
119998,1
119999,2
120000,3
120001,2
120005,2
120006,2
120013,2
120015,1
120017,1
120019,1
120020,2
120022,1
120023,1
120024,1
120025,1
120027,2
120031,1
120037,1
120039,1
120041,1
120045,2
120046,1
120048,2
120050,2
120053,1
120054,1
120057,1
120058,1
120061,1
120064,1
120068,2
120074,1
120077,1
120079,2
120086,1
120087,3
120088,1
120089,1
120090,2
120091,1
120092,1
120093,2
120094,1
120098,1
120099,2
120100,2
120104,1
120105,1
120110,1
120112,3
120113,1
120114,1
120115,1
120117,1
120119,1
120121,1
120122,1
120123,1
120128,2
120129,1
120130,1
120133,2
120135,1
120138,2
120140,1
120142,1
120143,1
120145,1
120148,1
120149,1
120150,1
120153,1
120154,3
120160,1
120166,1
120167,1
120176,1
120177,1
120178,1
120179,1
120180,1
120181,1
120184,2
120186,1
120189,1
120190,2
120191,1
120193,1
120194,1
120196,2
120198,1
120199,1
120201,1
120204,2
120216,1
120219,1
120221,2
120224,1
120227,1
120230,3
120232,1
120233,2
120234,1
120239,1
120240,1
120244,4
120245,2
120250,1
120251,2
120252,1
120255,1
120258,1
120261,2
120263,1
120265,1
120267,1
120270,1
120271,1
120274,1
120277,2
120280,1
120282,2
120286,1
120287,1
120289,1
120295,1
120296,1
120297,1
120298,2
120300,2
120301,1
120308,1
120309,2
120310,2
120311,1
120312,2
120316,1
120317,1
120319,1
120320,2
120321,1
120322,1
120325,2
120332,1
120334,1
120335,1
120336,2
120338,1
120341,2
120344,1
120346,1
120349,1
120350,1
120356,1
120357,1
120360,1
120362,1
120364,1
120368,3
120369,1
120371,1
120373,1
120376,1
120380,1
120382,2
120384,1
120388,1
120389,1
120391,2
120394,1
120399,2
120404,1
120405,1
120406,1
120407,1
120412,2
120416,1
120420,1
120421,1
120422,1
120423,1
120424,1
120425,1
120427,1
120428,1
120433,1
120434,1
120436,1
120437,1
120438,1
120439,2
120442,1
120443,2
120444,1
120445,2
120451,2
120452,2
120454,2
120458,2
120461,1
120462,1
120464,1
120465,1
120466,2
120468,2
120469,1
120471,1
120474,1
120478,1
120480,2
120485,1
120486,1
120490,1
120491,2
120500,1
120503,2
120506,1
120508,1
120512,1
120517,2
120518,1
120519,1
120520,2
120523,1
120524,1
120526,2
120528,1
120529,1
120531,1
120533,2
120534,1
120535,1
120537,1
120539,3
120541,2
120546,1
120547,1
120553,1
120558,1
120561,1
120562,1
120565,1
120570,1
120573,1
120581,1
120582,1
120585,1
120586,2
120588,1
120590,1
120596,1
120598,1
120599,1
120604,1
120605,3
120606,1
120609,2
120611,1
120612,1
120614,1
120616,1
120617,1
120621,1
120623,2
120628,1
120633,2
120640,2
120643,1
120645,2
120647,2
120650,1
120653,1
120657,1
120659,1
120662,3
120665,1
120673,1
120674,1
120675,1
120678,1
120679,2
120683,2
120684,1
120686,2
120692,1
120694,1
120695,1
120696,1
120698,2
120699,1
120700,2
120703,1
120704,1
120705,1
120706,1
120709,2
120712,1
120713,3
120714,1
120716,2
120717,1
120721,1
120722,1
120725,2
120729,3
120731,1
120733,2
120738,1
120739,2
120741,1
120742,1
120746,1
120747,1
120749,1
120750,1
120751,1
120752,2
120754,1
120756,1
120770,1
120771,1
120775,2
120776,1
120777,1
120779,1
120781,1
120782,1
120783,2
120787,1
120788,1
120789,1
120791,1
120792,1
120793,1
120795,3
120796,1
120797,1
120799,1
120800,1
120802,2
120803,2
120804,1
120805,1
120808,1
120811,1
120812,1
120813,1
120816,2
120817,1
120818,2
120821,2
120822,1
120824,1
120825,1
120827,1
120828,1
120838,1
120839,2
120842,1
120847,1
120848,1
120849,1
120852,3
120854,3
120855,1
120857,1
120864,2
120865,2
120869,1
120873,1
120874,1
120875,1
120876,1
120878,1
120880,2
120881,1
120883,1
120884,1
120887,1
120890,1
120891,1
120892,1
120893,1
120894,2
120898,1
120899,1
120906,3
120907,2
120909,1
120910,1
120912,2
120914,1
120915,1
120919,1
120926,1
120932,1
120935,1
120937,1
120941,2
120943,2
120947,1
120949,1
120952,1
120953,1
120954,1
120958,1
120960,1
120962,1
120965,1
120966,1
120971,3
120972,1
120973,2
120974,2
120977,1
120979,1
120980,1
120981,1
120983,1
120984,1
120985,1
120988,1
120990,2
120992,1
120993,1
120997,1
120998,2
121000,1
121002,1
121003,1
121005,1
121015,1
121017,1
121018,1
121019,1
121023,1
121025,2
121026,1
121028,1
121030,2
121032,1
121035,1
121037,2
121039,1
121041,1
121046,1
121047,1
121050,1
121061,2
121062,1
121064,1
121069,1
121071,1
121072,1
121074,1
121075,2
121080,1
121081,1
121082,1
121083,2
121084,1
121085,2
121087,1
121089,1
121094,2
121095,1
121096,1
121097,1
121098,2
121099,3
121101,3
121102,1
121106,1
121107,2
121109,1
121110,1
121111,2
121112,1
121114,1
121115,2
121119,1
121120,1
121123,3
121127,1
121129,1
121130,1
121132,2
121134,1
121138,2
121139,1
121140,1
121141,2
121144,1
121155,1
121158,2
121164,3
121166,1
121167,1
121168,1
121170,2
121171,2
121172,1
121174,1
121175,1
121178,1
121185,1
121187,1
121188,1
121192,2
121195,1
121201,1
121203,1
121204,1
121205,1
121208,1
121209,2
121213,1
121214,1
121215,2
121216,1
121217,3
121218,1
121221,1
121222,1
121230,1
121237,2
121240,1
121242,2
121246,2
121249,1
121251,2
121253,2
121255,1
121258,1
121260,4
121261,2
121263,1
121265,1
121268,1
121270,1
121272,1
121276,2
121277,2
121280,2
121283,1
121287,1
121292,1
121294,1
121296,1
121297,1
121298,5
121300,1
121301,2
121302,1
121305,1
121306,1
121307,1
121309,2
121310,3
121313,2
121314,2
121318,1
121319,1
121320,1
121323,1
121324,1
121326,1
121330,1
121332,1
121333,1
121338,1
121339,2
121340,1
121345,1
121346,1
121349,2
121351,1
121355,1
121357,1
121359,1
121361,1
121363,1
121364,1
121378,2
121379,1
121380,1
121381,1
121382,1
121383,1
121386,1
121389,1
121390,1
121394,1
121396,1
121400,1
121401,2
121402,1
121406,1
121407,1
121410,1
121411,1
121412,1
121413,1
121415,2
121416,1
121417,1
121421,2
121422,1
121423,1
121424,1
121425,2
121428,1
121429,1
121433,1
121435,1
121442,1
121446,1
121448,1
121449,1
121450,1
121455,1
121456,1
121457,1
121459,1
121461,1
121464,1
121467,1
121469,1
121472,1
121473,1
121474,3
121476,2
121478,2
121479,2
121480,1
121481,1
121482,1
121484,1
121487,3
121489,1
121497,2
121503,1
121506,1
121512,1
121513,1
121514,1
121515,1
121519,2
121520,1
121521,1
121524,1
121526,1
121528,2
121529,1
121530,1
121532,1
121536,1
121538,1
121542,1
121544,1
121545,1
121546,1
121547,1
121548,1
121552,3
121554,1
121555,1
121556,1
121557,1
121559,1
121562,1
121563,1
121565,2
121566,1
121571,1
121574,2
121575,1
121576,1
121584,1
121585,1
121586,1
121588,2
121591,3
121592,2
121593,2
121595,2
121603,1
121606,1
121609,1
121610,1
121611,1
121614,1
121617,1
121626,1
121629,1
121630,1
121631,1
121632,2
121633,1
121634,1
121635,1
121639,3
121640,2
121642,1
121643,1
121647,2
121652,1
121653,1
121658,2
121662,1
121663,1
121664,1
121666,1
121669,1
121670,2
121672,1
121674,2
121675,1
121676,1
121677,1
121678,1
121679,1
121680,3
121682,2
121684,1
121686,1
121688,1
121689,1
121694,1
121696,1
121697,2
121698,3
121699,2
121703,2
121704,1
121708,2
121711,2
121712,1
121714,1
121715,1
121718,2
121722,1
121729,1
121737,1
121738,1
121740,1
121741,1
121743,1
121747,1
121748,2
121749,2
121750,1
121752,1
121754,1
121755,1
121760,1
121762,1
121767,1
121770,2
121775,2
121777,1
121779,2
121782,1
121783,1
121784,2
121788,1
121790,1
121791,2
121793,1
121794,1
121798,1
121802,1
121810,1
121814,1
121815,1
121816,2
121817,1
121818,3
121819,1
121820,1
121823,2
121824,1
121831,2
121838,1
121840,2
121841,2
121843,1
121845,2
121846,2
121847,1
121851,2
121853,1
121855,1
121858,1
121860,1
121861,1
121862,1
121863,1
121867,3
121871,1
121875,2
121877,1
121879,2
121880,2
121882,2
121885,1
121888,1
121889,1
121892,1
121897,1
121900,1
121901,3
121903,1
121905,1
121906,1
121910,2
121911,2
121916,3
121917,1
121920,2
121921,1
121922,1
121925,1
121926,1
121929,1
121930,2
121931,1
121933,2
121934,1
121938,2
121942,1
121944,1
121946,1
121947,1
121959,1
121960,2
121963,1
121968,1
121969,1
121975,1
121976,1
121977,1
121982,1
121983,3
121984,2
121997,1
122000,1
122004,1
122008,1
122012,1
122021,2
122024,1
122027,1
122030,1
122032,1
122037,2
122043,3
122052,2
122053,1
122054,1
122055,2
122061,1
122062,1
122064,1
122067,1
122069,4
122070,1
122079,1
122082,1
122083,1
122085,2
122087,1
122091,1
122092,1
122096,1
122098,1
122102,2
122105,1
122106,1
122108,1
122111,1
122112,3
122114,1
122118,1
122123,2
122126,1
122128,1
122131,2
122133,1
122136,1
122138,2
122139,1
122150,1
122152,2
122153,1
122155,1
122160,1
122163,1
122165,1
122166,1
122167,1
122168,2
122170,1
122172,1
122175,2
122176,1
122177,1
122181,1
122182,1
122184,2
122188,1
122189,1
122191,1
122192,3
122193,1
122198,2
122200,1
122202,2
122206,1
122209,1
122211,2
122212,1
122220,1
122221,1
122223,1
122224,1
122231,1
122232,1
122235,1
122237,1
122239,1
122240,2
122245,3
122246,1
122248,1
122253,1
122254,1
122255,1
122257,1
122258,1
122259,1
122261,1
122262,2
122263,1
122264,1
122267,1
122269,1
122271,1
122276,1
122280,2
122281,1
122285,1
122288,1
122289,1
122292,1
122293,1
122303,1
122308,1
122309,1
122310,1
122312,1
122313,1
122314,1
122316,1
122317,1
122318,1
122322,2
122324,1
122327,1
122331,1
122332,1
122337,1
122341,2
122342,2
122347,1
122353,1
122354,1
122358,1
122363,1
122364,1
122366,2
122368,4
122370,2
122371,1
122372,2
122375,1
122377,1
122384,2
122387,1
122393,1
122395,1
122397,2
122399,2
122401,1
122408,1
122415,1
122416,2
122417,1
122421,1
122422,1
122423,1
122424,1
122425,1
122426,2
122427,3
122430,1
122433,1
122435,2
122436,1
122437,1
122439,2
122443,1
122447,2
122448,1
122449,1
122450,1
122452,1
122453,2
122459,1
122462,2
122463,2
122465,1
122470,3
122475,1
122476,1
122478,2
122479,1
122480,1
122481,1
122482,1
122484,1
122489,1
122491,1
122495,1
122497,1
122499,1
122501,1
122502,2
122504,1
122505,1
122506,1
122510,1
122519,1
122523,2
122526,1
122527,1
122531,1
122536,1
122537,2
122540,1
122542,1
122544,1
122552,1
122553,2
122558,2
122560,3
122565,1
122566,2
122568,2
122570,2
122571,1
122574,1
122575,1
122581,1
122587,1
122588,1
122592,1
122594,1
122595,1
122601,1
122602,1
122603,1
122610,1
122612,1
122615,1
122617,1
122618,1
122619,1
122621,2
122627,1
122632,1
122634,1
122636,1
122637,1
122639,1
122644,2
122649,1
122652,1
122653,1
122654,1
122655,1
122656,1
122658,3
122659,1
122663,1
122665,2
122671,1
122672,1
122674,1
122675,1
122676,1
122678,1
122679,1
122682,2
122683,1
122689,1
122692,1
122694,1
122695,1
122696,1
122697,1
122698,1
122701,1
122702,1
122703,1
122710,1
122714,2
122715,1
122716,1
122718,2
122720,2
122721,1
122727,1
122729,1
122731,1
122732,1
122733,1
122735,1
122737,1
122738,1
122739,1
122740,1
122741,1
122742,1
122743,2
122747,1
122749,1
122753,1
122755,1
122756,1
122758,1
122760,2
122761,2
122762,1
122765,1
122767,1
122768,1
122773,1
122777,1
122789,1
122790,2
122791,1
122795,1
122798,2
122801,1
122802,2
122805,1
122808,1
122815,1
122816,2
122817,2
122819,3
122820,2
122821,2
122824,1
122827,1
122828,1
122829,2
122831,1
122835,1
122836,1
122837,1
122838,2
122839,1
122841,1
122844,1
122845,1
122847,3
122848,1
122851,1
122854,1
122855,1
122856,3
122858,1
122859,1
122860,2
122863,1
122867,1
122870,2
122872,2
122873,2
122875,1
122879,1
122881,1
122883,2
122884,2
122888,3
122896,2
122897,1
122903,1
122904,1
122906,1
122907,3
122908,1
122909,1
122910,1
122912,2
122917,1
122918,1
122919,1
122920,3
122921,1
122931,1
122933,1
122935,2
122937,1
122938,1
122942,1
122943,1
122945,1
122946,1
122956,1
122960,1
122964,1
122965,1
122966,1
122969,1
122977,1
122979,1
122982,1
122987,1
122988,1
122992,1
122994,1
122997,1
123000,1
123002,1
123004,1
123008,1
123012,1
123013,2
123031,1
123032,1
123034,1
123037,2
123039,1
123040,1
123045,1
123049,2
123055,2
123056,1
123071,1
123072,1
123073,1
123075,1
123076,1
123078,1
123086,1
123087,1
123088,1
123090,1
123097,1
123098,2
123105,1
123106,1
123111,1
123112,2
123118,1
123119,1
123121,1
123124,1
123125,1
123126,1
123128,4
123131,1
123133,1
123135,2
123136,1
123139,1
123140,1
123141,2
123144,1
123146,2
123149,1
123150,1
123151,2
123154,2
123155,1
123156,1
123158,1
123177,1
123180,1
123182,2
123183,1
123186,1
123188,1
123192,3
123193,1
123194,1
123197,1
123198,1
123199,2
123200,1
123202,1
123203,1
123204,1
123205,1
123206,2
123211,2
123213,2
123219,1
123224,1
123225,4
123227,2
123231,1
123236,2
123243,1
123244,1
123252,1
123253,1
123255,1
123256,1
123258,2
123260,1
123262,1
123264,1
123267,1
123269,1
123271,2
123273,1
123274,1
123275,2
123276,1
123277,1
123278,2
123279,1
123282,2
123285,2
123289,1
123290,1
123291,3
123292,1
123293,2
123294,2
123295,2
123296,1
123297,1
123301,1
123307,2
123308,1
123309,1
123313,1
123314,1
123321,1
123324,1
123327,1
123329,1
123331,1
123333,3
123335,1
123337,1
123339,2
123340,1
123342,2
123343,2
123346,1
123348,1
123350,3
123352,1
123353,1
123354,2
123355,1
123357,1
123358,1
123359,1
123363,1
123364,1
123367,1
123368,1
123369,1
123372,1
123374,1
123376,1
123379,1
123380,1
123383,2
123386,1
123387,1
123391,1
123395,1
123397,2
123399,1
123400,1
123404,1
123406,2
123407,1
123409,1
123415,1
123416,1
123418,1
123419,1
123422,1
123425,2
123427,2
123431,2
123432,1
123435,1
123438,1
123442,1
123448,1
123450,2
123452,1
123453,1
123454,1
123456,1
123458,1
123459,1
123465,1
123469,1
123470,1
123471,2
123473,2
123474,1
123475,1
123476,1
123479,1
123482,1
123483,1
123488,1
123489,2
123491,1
123492,1
123493,1
123494,1
123496,1
123499,1
123502,1
123505,1
123506,1
123510,3
123514,2
123515,4
123516,1
123517,1
123518,1
123520,1
123522,1
123525,1
123526,1
123529,1
123530,1
123531,1
123534,1
123537,1
123539,1
123540,1
123541,1
123543,2
123545,1
123549,1
123556,1
123558,1
123561,1
123565,1
123568,1
123571,1
123572,1
123576,1
123577,1
123578,2
123579,2
123580,1
123587,1
123590,2
123593,1
123596,2
123599,1
123601,1
123602,2
123606,1
123612,1
123613,1
123614,1
123617,1
123619,1
123620,1
123621,1
123622,2
123628,1
123629,1
123630,2
123637,1
123639,2
123640,1
123650,1
123652,1
123653,1
123656,1
123660,1
123664,2
123666,1
123669,2
123670,1
123671,1
123674,1
123675,1
123676,2
123678,1
123680,3
123681,1
123682,1
123685,1
123689,2
123690,2
123691,3
123692,4
123696,1
123697,1
123703,1
123704,2
123706,1
123710,1
123717,1
123724,1
123725,2
123729,1
123731,2
123732,2
123733,1
123739,1
123740,3
123742,1
123744,2
123749,1
123750,1
123755,1
123757,1
123758,2
123761,1
123762,1
123763,1
123765,1
123767,1
123769,1
123770,2
123772,1
123774,2
123775,1
123776,1
123780,1
123783,1
123787,2
123788,2
123789,1
123791,1
123792,1
123793,1
123794,2
123796,1
123799,1
123804,2
123805,1
123808,1
123809,1
123813,2
123814,2
123815,1
123817,2
123819,2
123821,2
123822,2
123823,1
123824,1
123825,1
123826,2
123831,1
123834,1
123838,1
123839,1
123841,1
123843,2
123844,1
123849,2
123853,1
123856,1
123857,1
123858,2
123859,1
123860,1
123862,1
123863,1
123864,1
123865,1
123867,1
123872,1
123875,1
123877,1
123878,1
123879,1
123881,1
123883,2
123885,1
123887,1
123892,1
123893,1
123894,1
123897,1
123902,1
123903,1
123904,3
123906,2
123909,1
123910,1
123911,1
123913,2
123916,1
123918,1
123919,1
123921,2
123924,1
123929,1
123932,1
123936,1
123939,1
123942,1
123944,1
123946,3
123948,1
123949,1
123952,1
123953,1
123956,1
123957,1
123958,1
123959,1
123961,1
123963,1
123964,1
123966,1
123968,1
123973,1
123974,1
123978,2
123979,2
123980,1
123984,2
123990,1
123993,1
123994,1
123995,2
123997,3
124001,1
124006,1
124007,1
124009,1
124010,1
124012,1
124014,1
124016,1
124017,1
124021,2
124022,1
124031,1
124032,1
124033,1
124034,1
124036,1
124037,1
124042,2
124044,3
124047,1
124049,1
124050,1
124053,2
124057,1
124059,1
124063,1
124065,1
124069,3
124074,2
124080,1
124083,2
124088,1
124090,1
124102,1
124103,1
124105,1
124107,1
124111,2
124114,1
124116,1
124119,1
124120,1
124121,2
124122,2
124124,2
124128,2
124130,1
124131,1
124137,1
124139,1
124143,1
124144,2
124146,2
124156,1
124158,2
124161,2
124164,2
124165,1
124168,1
124169,1
124172,1
124175,1
124176,1
124177,1
124181,1
124183,1
124184,1
124185,2
124187,2
124188,1
124189,1
124190,2
124191,2
124193,1
124194,1
124197,1
124198,1
124201,2
124202,2
124203,1
124204,1
124205,1
124208,3
124213,1
124215,1
124216,1
124218,2
124221,1
124222,1
124225,1
124227,2
124228,1
124234,1
124235,1
124239,1
124243,2
124246,2
124248,1
124251,1
124252,1
124253,1
124254,1
124257,1
124259,2
124266,1
124274,1
124281,1
124282,1
124283,2
124284,1
124288,1
124291,1
124293,1
124295,1
124296,1
124302,1
124303,1
124304,1
124305,1
124308,2
124313,1
124315,1
124316,1
124317,1
124319,2
124321,1
124322,1
124328,1
124331,1
124332,1
124334,2
124335,1
124339,2
124345,1
124346,1
124348,1
124352,1
124359,1
124360,1
124362,3
124364,1
124366,1
124367,4
124368,2
124370,1
124371,1
124373,1
124374,1
124380,2
124381,1
124383,1
124385,1
124386,1
124389,3
124391,1
124394,1
124397,1
124402,1
124405,1
124406,1
124407,1
124409,1
124411,1
124414,1
124416,1
124417,1
124418,1
124421,1
124422,2
124423,3
124424,1
124425,1
124426,1
124428,1
124431,1
124432,1
124433,1
124434,1
124436,2
124439,1
124444,1
124446,3
124447,1
124449,1
124452,1
124453,1
124454,1
124455,2
124457,1
124458,1
124463,1
124466,2
124470,1
124472,2
124473,2
124474,1
124476,2
124478,1
124480,1
124483,1
124485,1
124490,1
124492,1
124493,2
124494,2
124495,1
124499,2
124500,3
124502,1
124504,1
124506,1
124513,1
124514,1
124515,1
124518,1
124520,1
124521,2
124530,1
124532,1
124533,1
124534,1
124537,1
124538,1
124539,1
124543,1
124544,2
124546,1
124547,1
124548,1
124549,1
124550,3
124555,2
124558,1
124565,1
124566,1
124568,1
124570,1
124572,1
124574,1
124575,1
124577,1
124581,1
124582,1
124586,3
124588,3
124591,2
124592,1
124593,1
124603,1
124605,1
124607,1
124608,1
124610,1
124612,3
124614,1
124615,1
124618,1
124620,2
124627,3
124629,1
124630,1
124632,2
124633,2
124634,1
124635,2
124637,3
124640,3
124647,1
124648,1
124652,2
124654,2
124656,1
124657,2
124658,1
124659,1
124661,1
124663,1
124665,1
124667,2
124668,1
124670,1
124672,1
124673,1
124674,2
124675,1
124676,1
124681,1
124682,1
124685,2
124686,1
124692,1
124693,1
124695,1
124696,1
124697,1
124699,1
124704,2
124706,1
124707,1
124708,1
124709,2
124710,2
124711,2
124712,1
124714,1
124715,1
124716,2
124718,1
124722,1
124724,2
124725,1
124727,2
124730,1
124731,2
124733,1
124734,2
124736,2
124737,1
124738,1
124740,1
124741,1
124744,1
124745,1
124746,1
124747,1
124754,2
124756,1
124757,1
124758,1
124759,1
124760,1
124761,1
124762,1
124763,1
124772,1
124776,1
124777,2
124778,1
124781,1
124782,1
124790,1
124793,1
124794,1
124797,2
124799,1
124800,1
124801,1
124804,2
124805,1
124808,3
124810,1
124815,1
124816,3
124819,1
124821,1
124822,1
124823,1
124824,2
124826,1
124829,1
124832,1
124835,2
124836,1
124837,1
124838,3
124840,2
124842,1
124843,2
124847,1
124850,1
124852,1
124853,1
124860,1
124864,1
124865,2
124866,1
124867,1
124869,2
124873,2
124874,1
124875,2
124876,1
124878,2
124879,2
124880,1
124881,1
124883,2
124885,1
124886,1
124887,2
124888,1
124889,2
124890,2
124891,1
124893,1
124894,1
124895,1
124902,1
124904,1
124906,2
124907,2
124908,1
124911,1
124912,2
124913,1
124914,1
124916,1
124923,1
124926,1
124927,2
124931,1
124934,1
124935,1
124937,1
124940,2
124941,1
124943,2
124944,1
124945,1
124948,1
124950,1
124951,2
124952,1
124958,1
124963,2
124964,1
124966,1
124967,1
124968,1
124971,1
124972,1
124974,1
124978,2
124979,1
124980,1
124982,1
124983,1
124986,2
124989,1
124991,2
124992,2
124994,3
124997,1
124998,1
125010,1
125012,1
125013,1
125017,2
125018,2
125022,1
125024,1
125030,1
125031,1
125032,2
125034,1
125035,2
125036,1
125037,1
125039,1
125042,1
125045,2
125046,1
125048,1
125049,2
125050,1
125052,1
125056,2
125061,1
125062,1
125063,1
125065,2
125066,1
125067,2
125070,1
125078,1
125080,1
125081,1
125085,1
125086,1
125088,1
125091,1
125096,3
125104,2
125107,1
125109,2
125110,1
125112,1
125113,2
125114,1
125115,2
125116,1
125117,1
125124,1
125125,1
125129,2
125130,1
125132,1
125133,1
125138,1
125140,2
125142,1
125143,1
125145,1
125148,1
125151,1
125153,1
125155,1
125156,1
125160,1
125161,1
125162,2
125165,1
125166,1
125171,1
125174,1
125175,1
125180,1
125183,1
125184,4
125185,4
125186,1
125187,1
125189,1
125190,3
125195,1
125196,2
125201,1
125203,1
125206,1
125210,1
125211,2
125213,2
125215,2
125216,1
125219,1
125222,2
125223,1
125225,1
125227,1
125230,1
125231,1
125232,2
125233,1
125234,3
125239,2
125241,1
125246,3
125247,1
125250,2
125252,1
125253,1
125254,2
125257,2
125258,1
125259,1
125260,1
125261,1
125262,2
125263,1
125265,1
125266,1
125269,2
125270,1
125271,1
125273,1
125275,1
125276,1
125280,3
125285,1
125287,1
125288,1
125289,1
125290,1
125292,2
125295,1
125296,1
125299,1
125306,1
125307,3
125309,1
125310,1
125311,1
125314,1
125317,1
125321,1
125324,1
125325,1
125326,1
125328,1
125329,1
125330,1
125332,1
125333,1
125334,2
125337,1
125338,2
125342,1
125343,2
125344,2
125345,1
125349,1
125350,1
125352,1
125357,1
125360,1
125363,1
125366,2
125367,1
125368,1
125371,1
125372,1
125373,1
125375,1
125377,1
125379,1
125381,1
125387,2
125388,1
125389,1
125390,1
125391,1
125392,1
125393,1
125403,1
125405,1
125406,1
125415,2
125416,1
125420,1
125421,1
125424,2
125425,2
125428,1
125429,1
125432,1
125434,1
125436,1
125437,1
125440,1
125442,2
125443,1
125444,1
125448,1
125449,1
125450,2
125451,2
125459,1
125460,1
125467,1
125470,2
125471,1
125476,2
125477,1
125481,1
125486,1
125488,1
125489,1
125493,1
125495,2
125497,1
125498,2
125500,1
125505,1
125510,1
125511,1
125514,1
125519,2
125522,1
125523,1
125524,1
125528,1
125529,2
125530,1
125531,1
125533,1
125535,1
125536,1
125540,1
125547,1
125548,2
125551,1
125552,1
125553,1
125556,1
125557,1
125558,1
125560,1
125561,2
125562,3
125563,1
125565,1
125568,1
125569,3
125577,2
125580,1
125583,1
125585,1
125587,1
125588,1
125590,2
125591,1
125592,1
125594,2
125595,1
125596,1
125597,2
125598,2
125600,1
125603,1
125605,1
125609,3
125612,1
125616,2
125618,1
125622,1
125623,2
125634,1
125635,3
125637,1
125640,1
125642,1
125645,1
125648,1
125650,1
125652,2
125656,1
125669,2
125670,2
125674,2
125675,1
125677,1
125678,1
125681,1
125682,1
125686,1
125690,1
125693,1
125698,1
125702,2
125703,1
125704,1
125705,1
125706,1
125707,1
125708,1
125709,1
125710,1
125712,1
125713,3
125714,1
125715,1
125716,1
125718,2
125719,1
125722,1
125724,1
125726,1
125727,1
125730,1
125736,2
125737,1
125738,1
125739,2
125743,1
125744,1
125746,2
125747,1
125748,2
125749,1
125753,1
125754,3
125755,1
125759,1
125761,1
125762,1
125764,1
125766,1
125768,1
125769,2
125770,1
125771,3
125773,2
125778,1
125780,1
125782,2
125786,1
125787,1
125789,2
125793,1
125795,1
125797,1
125798,1
125801,1
125803,1
125804,1
125806,2
125811,1
125812,2
125816,1
125819,1
125820,1
125821,1
125822,1
125823,1
125824,1
125826,1
125828,1
125831,1
125832,2
125834,2
125835,1
125837,1
125839,1
125841,1
125849,2
125855,2
125857,1
125858,1
125861,1
125862,2
125864,1
125867,1
125871,1
125872,1
125874,1
125875,1
125877,1
125884,1
125893,1
125895,1
125896,1
125898,1
125899,1
125901,2
125902,2
125903,3
125905,1
125911,1
125915,1
125917,1
125919,1
125922,1
125923,2
125924,2
125928,1
125931,1
125933,1
125934,1
125936,1
125939,1
125940,1
125943,1
125950,1
125951,1
125952,1
125953,2
125955,2
125956,1
125958,2
125959,1
125960,1
125961,1
125967,2
125969,1
125973,3
125974,1
125976,3
125977,2
125979,2
125985,1
125988,1
125989,2
125993,1
126000,1
126002,1
126003,1
126010,1
126012,1
126014,1
126016,2
126019,1
126020,1
126030,1
126031,2
126037,1
126040,1
126041,2
126046,1
126047,2
126050,1
126052,1
126055,2
126058,1
126060,1
126062,2
126064,1
126066,2
126068,1
126069,3
126071,1
126074,2
126079,1
126080,1
126081,1
126082,1
126084,1
126085,1
126090,1
126094,3
126095,1
126098,1
126099,1
126102,1
126103,1
126105,1
126106,1
126107,2
126108,1
126110,1
126118,1
126120,2
126121,1
126122,1
126124,1
126126,1
126128,2
126130,1
126135,1
126136,1
126137,1
126142,1
126144,3
126145,1
126147,1
126148,1
126149,1
126152,1
126153,2
126161,1
126162,1
126165,1
126166,2
126167,1
126170,1
126171,1
126172,1
126174,1
126176,1
126178,1
126180,2
126184,1
126186,1
126187,1
126192,1
126194,1
126196,1
126201,1
126202,1
126203,1
126206,1
126208,1
126214,1
126215,1
126217,1
126222,1
126226,1
126231,1
126234,1
126235,3
126239,1
126240,1
126241,2
126244,1
126245,3
126248,1
126249,1
126250,1
126252,1
126253,2
126255,1
126260,2
126261,3
126263,1
126264,2
126265,1
126269,1
126271,1
126274,2
126276,1
126278,1
126290,1
126296,2
126299,3
126301,1
126302,1
126303,1
126307,2
126309,1
126313,1
126318,1
126319,1
126322,1
126324,1
126325,1
126326,2
126327,2
126331,1
126332,1
126333,2
126336,1
126340,1
126343,1
126344,1
126348,1
126349,1
126350,1
126351,1
126354,1
126357,2
126360,1
126364,1
126367,1
126379,1
126384,2
126385,1
126388,1
126389,2
126390,6
126391,1
126393,1
126395,2
126399,1
126400,2
126406,1
126408,1
126409,1
126416,2
126419,2
126420,1
126422,2
126423,1
126425,1
126426,1
126427,1
126430,1
126431,1
126434,1
126437,3
126438,1
126439,1
126440,1
126445,1
126448,1
126449,3
126452,1
126454,2
126455,2
126458,1
126459,1
126463,2
126464,2
126466,2
126469,1
126472,1
126480,1
126481,1
126483,1
126486,1
126487,1
126488,1
126491,2
126492,2
126493,2
126496,1
126499,2
126502,1
126505,1
126513,2
126514,2
126515,2
126517,1
126519,1
126520,1
126529,1
126534,1
126538,1
126539,1
126540,1
126541,1
126543,1
126545,2
126547,1
126551,1
126553,1
126561,2
126562,1
126563,2
126565,1
126569,1
126570,2
126572,1
126579,1
126582,3
126583,2
126584,1
126589,1
126592,1
126594,1
126597,1
126601,2
126602,1
126605,1
126610,1
126612,2
126613,2
126616,1
126618,2
126621,1
126623,2
126624,2
126626,1
126628,1
126634,1
126635,2
126637,1
126641,1
126642,1
126644,1
126645,1
126647,2
126649,2
126650,2
126652,2
126655,1
126656,1
126661,1
126662,2
126664,1
126665,1
126667,2
126668,1
126670,1
126674,1
126675,3
126678,1
126682,1
126684,1
126688,3
126689,2
126691,2
126692,1
126694,2
126698,1
126699,1
126700,2
126701,1
126703,1
126704,1
126712,2
126714,1
126715,1
126720,1
126723,1
126724,2
126730,1
126731,3
126736,2
126738,1
126744,1
126746,1
126749,1
126755,1
126758,1
126761,1
126762,1
126763,1
126767,1
126774,1
126775,1
126780,1
126781,3
126782,1
126783,1
126784,1
126787,1
126789,2
126791,2
126794,1
126798,1
126800,1
126803,1
126806,1
126812,1
126813,1
126814,1
126818,1
126820,1
126822,1
126826,2
126827,2
126828,1
126832,1
126835,1
126838,1
126841,1
126848,4
126849,1
126853,1
126854,1
126856,1
126857,1
126858,1
126859,1
126865,2
126866,1
126869,1
126871,2
126879,1
126880,2
126883,1
126884,1
126893,1
126896,1
126897,1
126900,2
126902,1
126907,1
126912,1
126917,2
126923,1
126929,1
126930,2
126935,1
126938,1
126939,3
126940,1
126941,1
126949,1
126951,1
126955,1
126961,1
126965,2
126972,2
126973,1
126974,1
126975,1
126976,1
126977,2
126982,1
126983,1
126984,1
126988,2
126990,1
126995,1
126997,2
126998,1
127003,2
127004,1
127010,1
127016,1
127017,2
127018,2
127019,1
127022,1
127023,1
127024,1
127027,1
127028,2
127029,2
127035,2
127041,1
127042,1
127046,2
127049,1
127051,2
127059,2
127060,1
127061,1
127063,1
127064,2
127067,1
127068,1
127069,1
127072,1
127076,1
127078,1
127080,1
127087,2
127088,1
127092,1
127093,1
127094,4
127095,1
127096,2
127097,1
127098,1
127102,1
127103,1
127106,1
127108,1
127109,1
127113,1
127114,2
127115,1
127116,1
127117,4
127120,1
127124,1
127125,1
127126,2
127127,1
127131,1
127133,2
127141,2
127142,1
127143,1
127145,1
127146,1
127152,1
127157,1
127158,1
127162,3
127163,1
127164,1
127165,1
127167,2
127168,2
127169,2
127171,1
127172,2
127173,1
127178,3
127180,1
127182,1
127185,1
127189,1
127192,1
127194,1
127195,2
127196,1
127202,1
127204,1
127207,2
127211,1
127212,2
127214,2
127215,1
127218,2
127225,1
127227,1
127234,2
127237,1
127238,1
127239,2
127240,1
127241,1
127243,1
127246,1
127248,1
127252,1
127253,2
127262,1
127266,1
127267,1
127268,1
127270,2
127271,1
127272,2
127273,1
127274,1
127277,1
127279,2
127281,1
127283,1
127285,3
127287,2
127290,1
127293,1
127295,1
127296,1
127298,3
127303,1
127304,1
127307,1
127311,1
127312,1
127314,2
127315,1
127316,1
127320,1
127322,1
127323,2
127325,1
127328,2
127332,2
127333,1
127337,1
127338,1
127339,1
127340,1
127341,1
127342,1
127343,2
127345,1
127347,1
127348,1
127351,1
127352,1
127353,1
127354,3
127355,2
127356,2
127357,2
127360,1
127365,2
127366,1
127367,1
127370,1
127377,1
127379,2
127382,1
127387,1
127389,1
127391,1
127397,1
127401,1
127407,2
127412,2
127416,1
127418,1
127421,1
127426,1
127427,1
127428,1
127433,1
127434,1
127437,1
127439,1
127442,1
127444,3
127448,4
127450,1
127460,1
127469,1
127470,2
127471,1
127472,2
127473,3
127476,1
127479,1
127485,1
127487,1
127488,1
127490,1
127491,1
127494,1
127495,2
127496,1
127499,1
127502,2
127505,2
127506,1
127509,1
127511,1
127514,1
127515,2
127520,1
127522,1
127524,1
127526,1
127528,1
127529,1
127532,1
127533,1
127539,1
127541,1
127544,1
127546,1
127551,2
127554,1
127556,2
127562,1
127564,2
127566,1
127567,1
127569,1
127571,1
127572,1
127574,1
127575,2
127576,2
127578,1
127581,1
127582,1
127586,1
127595,2
127596,1
127597,1
127600,1
127602,2
127604,1
127609,2
127612,1
127614,1
127615,1
127616,1
127618,1
127619,1
127621,1
127622,1
127623,1
127624,2
127626,1
127627,1
127630,1
127633,1
127634,1
127636,1
127637,1
127638,2
127642,1
127644,1
127646,1
127647,1
127648,1
127649,1
127652,1
127654,1
127656,1
127657,2
127659,1
127661,1
127665,2
127666,1
127668,1
127671,1
127672,1
127673,1
127674,2
127675,1
127676,1
127677,1
127678,1
127679,1
127684,1
127685,1
127686,1
127687,3
127690,1
127691,1
127692,2
127694,1
127698,1
127699,1
127701,1
127702,2
127704,2
127706,1
127707,1
127708,2
127709,2
127714,1
127716,1
127717,2
127718,1
127719,1
127722,1
127727,1
127729,1
127730,1
127733,1
127735,1
127736,3
127737,2
127739,1
127743,1
127748,1
127749,1
127754,1
127757,1
127759,1
127760,1
127761,1
127763,1
127765,1
127766,2
127769,1
127770,1
127771,1
127773,2
127777,1
127778,1
127781,2
127782,1
127783,1
127784,2
127787,2
127792,1
127794,1
127801,1
127802,1
127803,1
127804,1
127807,1
127808,2
127810,1
127812,1
127813,1
127814,2
127816,1
127821,1
127827,1
127829,2
127831,1
127832,1
127843,1
127846,1
127849,1
127853,1
127855,3
127860,1
127861,1
127864,1
127866,1
127867,1
127869,1
127873,1
127874,2
127875,1
127878,1
127879,2
127881,1
127882,2
127883,1
127886,1
127890,1
127891,2
127892,1
127896,1
127898,2
127900,1
127903,3
127904,3
127905,1
127908,2
127918,1
127920,1
127921,1
127922,1
127923,1
127925,1
127929,1
127930,1
127932,1
127933,1
127934,2
127936,2
127937,2
127938,1
127940,1
127941,2
127942,1
127944,2
127947,1
127949,1
127950,1
127951,1
127953,1
127954,2
127960,1
127962,1
127963,1
127964,1
127969,2
127970,2
127971,3
127972,1
127973,1
127974,2
127975,2
127978,1
127979,1
127980,2
127981,3
127983,2
127987,2
127988,2
127990,1
127991,1
127992,1
127993,1
127994,1
127995,2
127996,1
127999,1
128000,1
128003,1
128004,1
128010,1
128014,2
128020,3
128021,1
128022,1
128024,1
128030,1
128035,1
128036,1
128037,1
128040,1
128045,1
128048,1
128051,2
128053,1
128054,1
128055,1
128057,1
128058,1
128059,1
128060,1
128061,1
128063,1
128066,1
128067,1
128069,1
128071,1
128073,1
128074,1
128076,1
128079,1
128083,2
128084,1
128086,2
128088,1
128089,1
128090,1
128091,2
128093,1
128097,1
128098,1
128108,1
128110,1
128112,2
128115,1
128116,1
128120,1
128121,1
128124,2
128127,1
128132,1
128134,1
128138,1
128142,2
128143,2
128145,1
128146,1
128147,1
128150,1
128151,1
128152,2
128153,1
128162,1
128164,1
128167,2
128170,2
128175,1
128176,1
128177,1
128185,3
128188,2
128189,1
128193,1
128194,1
128195,1
128196,2
128198,1
128199,1
128201,2
128203,1
128204,1
128206,1
128207,1
128211,1
128212,1
128214,1
128217,1
128219,1
128220,2
128221,2
128224,2
128226,1
128229,1
128234,1
128236,2
128238,1
128239,1
128247,2
128248,1
128250,1
128251,1
128254,1
128255,1
128257,1
128258,1
128259,1
128260,1
128261,1
128264,2
128268,2
128269,1
128271,1
128273,2
128276,1
128277,2
128280,1
128281,2
128285,1
128288,1
128294,1
128297,1
128299,1
128301,2
128304,1
128308,1
128310,2
128311,1
128314,2
128316,2
128317,1
128320,1
128323,2
128324,1
128332,1
128333,1
128337,2
128342,1
128344,1
128345,1
128347,1
128348,1
128349,1
128350,1
128351,1
128353,1
128354,1
128357,2
128358,1
128359,1
128363,2
128368,2
128369,1
128370,1
128371,1
128372,1
128374,1
128377,1
128380,2
128381,1
128382,1
128384,2
128386,1
128393,1
128396,1
128401,2
128402,3
128404,1
128405,1
128406,1
128407,1
128411,1
128418,1
128419,3
128424,1
128425,1
128426,2
128432,3
128434,1
128436,1
128437,1
128442,1
128443,1
128447,1
128449,1
128450,1
128451,1
128453,1
128455,1
128456,1
128458,2
128460,1
128463,1
128464,1
128468,1
128469,1
128470,1
128472,1
128473,1
128475,1
128476,2
128478,1
128483,1
128484,1
128487,1
128492,2
128494,2
128497,1
128500,1
128502,1
128506,1
128508,1
128512,1
128513,1
128518,1
128519,2
128523,1
128524,1
128529,1
128530,2
128531,1
128532,1
128533,1
128535,1
128538,2
128543,1
128548,1
128549,1
128550,1
128551,1
128552,1
128556,1
128558,1
128559,1
128560,1
128568,1
128569,1
128575,1
128577,1
128578,1
128579,1
128583,1
128585,3
128590,1
128591,1
128595,1
128596,1
128598,1
128599,1
128600,1
128602,1
128606,1
128613,1
128615,1
128621,2
128623,2
128625,2
128627,1
128630,1
128639,1
128640,1
128641,2
128643,2
128646,1
128647,1
128655,1
128656,1
128657,1
128659,2
128662,2
128666,1
128667,1
128669,1
128671,1
128674,1
128677,3
128679,1
128680,1
128684,1
128685,1
128687,1
128692,1
128693,1
128695,1
128696,2
128697,1
128699,1
128700,1
128701,1
128703,1
128706,1
128708,1
128709,2
128710,2
128713,1
128716,1
128717,1
128718,1
128719,1
128720,4
128723,2
128725,1
128728,2
128731,1
128736,1
128737,1
128738,2
128744,1
128746,2
128749,1
128751,1
128752,2
128753,1
128763,1
128764,1
128765,1
128767,1
128769,1
128770,1
128771,1
128772,2
128773,1
128774,1
128775,1
128776,1
128782,1
128783,1
128785,1
128787,2
128789,2
128790,1
128793,1
128794,1
128800,2
128802,1
128803,1
128808,1
128810,1
128813,2
128814,1
128816,1
128821,1
128824,1
128830,1
128831,1
128832,1
128834,1
128835,1
128836,1
128837,1
128843,1
128844,1
128845,2
128846,3
128851,1
128852,1
128853,2
128854,1
128855,2
128858,1
128859,1
128860,1
128861,1
128862,2
128863,1
128864,2
128865,1
128866,1
128868,1
128869,1
128871,1
128872,2
128874,3
128875,1
128877,1
128878,1
128883,1
128884,1
128885,2
128888,2
128889,1
128891,1
128892,1
128893,2
128894,1
128898,1
128901,1
128902,1
128903,1
128907,2
128908,2
128909,1
128910,1
128911,2
128912,1
128916,1
128920,1
128924,1
128926,1
128927,1
128928,1
128930,1
128933,1
128942,1
128943,1
128944,1
128945,1
128946,1
128952,1
128954,2
128956,1
128957,2
128958,1
128959,1
128960,2
128966,1
128971,2
128973,1
128974,1
128977,2
128979,3
128981,1
128983,1
128987,1
128988,1
128991,3
128992,1
128993,1
128994,1
128995,1
128996,1
128998,1
129004,1
129008,1
129011,1
129014,3
129017,1
129018,1
129023,1
129025,1
129029,1
129032,1
129034,1
129036,1
129037,1
129038,1
129039,1
129040,1
129041,1
129042,1
129047,1
129048,1
129049,1
129050,1
129052,1
129053,3
129054,1
129060,1
129070,3
129071,2
129074,1
129076,1
129078,1
129086,1
129088,1
129091,2
129092,2
129093,1
129094,1
129095,1
129097,1
129098,1
129100,1
129103,2
129104,2
129109,1
129110,2
129111,1
129112,1
129113,1
129116,1
129119,2
129120,1
129125,1
129127,1
129132,1
129133,1
129134,1
129135,2
129143,1
129145,2
129147,1
129150,3
129151,2
129153,1
129154,1
129155,1
129158,1
129159,1
129161,1
129164,1
129166,1
129168,1
129169,1
129177,1
129185,1
129188,1
129192,1
129195,1
129199,1
129200,1
129206,1
129207,1
129208,1
129210,2
129217,1
129220,1
129223,1
129224,2
129225,2
129226,1
129230,1
129232,2
129236,1
129237,1
129241,1
129243,1
129244,2
129245,1
129246,1
129249,1
129252,2
129253,1
129261,1
129265,1
129266,2
129270,1
129271,1
129274,1
129279,1
129283,1
129289,1
129291,1
129294,2
129295,1
129296,1
129299,1
129301,1
129303,1
129306,1
129308,1
129312,1
129313,1
129317,2
129318,1
129319,1
129322,1
129324,1
129326,1
129328,1
129331,1
129334,1
129336,1
129339,1
129340,2
129342,2
129344,1
129350,2
129354,2
129357,1
129358,1
129359,1
129360,2
129362,1
129366,1
129367,1
129368,3
129370,1
129372,2
129373,1
129375,3
129379,1
129381,3
129384,1
129386,1
129391,1
129392,1
129393,1
129394,3
129402,1
129403,1
129405,1
129407,2
129409,2
129410,1
129412,1
129413,3
129414,1
129416,2
129417,1
129422,1
129425,1
129428,1
129429,1
129430,1
129434,1
129435,1
129436,2
129440,2
129441,1
129446,1
129447,1
129448,2
129449,1
129451,3
129452,1
129457,1
129459,1
129462,1
129463,1
129464,1
129467,1
129468,1
129472,1
129474,1
129477,1
129479,1
129481,1
129482,1
129488,1
129490,1
129491,1
129492,1
129493,1
129496,1
129507,1
129515,2
129521,2
129522,1
129523,1
129524,1
129528,1
129530,1
129535,1
129536,1
129539,1
129541,1
129542,1
129543,1
129545,2
129551,1
129554,4
129556,1
129557,2
129560,1
129561,2
129562,1
129563,1
129564,1
129567,1
129568,1
129572,1
129574,2
129576,2
129577,1
129583,1
129585,1
129590,1
129592,2
129593,1
129599,2
129600,2
129601,1
129604,1
129608,1
129612,2
129613,1
129619,1
129621,1
129622,2
129624,2
129625,1
129627,1
129631,1
129633,1
129635,1
129637,1
129639,1
129641,1
129642,1
129646,1
129648,3
129650,1
129651,1
129655,3
129658,1
129659,2
129662,1
129666,2
129667,1
129668,2
129669,2
129670,2
129671,2
129672,1
129674,1
129680,1
129682,2
129683,3
129685,1
129686,1
129687,1
129688,1
129690,2
129692,2
129700,1
129703,2
129705,1
129710,1
129711,2
129713,1
129714,1
129715,1
129716,1
129717,1
129718,1
129720,1
129723,1
129724,2
129728,2
129731,1
129732,1
129733,2
129735,1
129738,4
129739,1
129741,2
129742,2
129743,1
129744,2
129746,1
129747,1
129749,1
129750,3
129753,1
129754,1
129759,1
129762,1
129764,1
129765,2
129766,1
129767,1
129769,1
129770,1
129774,2
129776,2
129779,1
129782,1
129786,1
129788,2
129789,1
129790,2
129792,1
129795,1
129797,1
129800,1
129803,1
129805,1
129806,1
129808,1
129814,1
129817,1
129819,2
129821,1
129822,1
129823,2
129824,2
129825,1
129826,1
129827,1
129829,2
129833,1
129834,2
129835,1
129836,1
129838,1
129840,1
129841,1
129844,2
129845,1
129846,1
129849,1
129850,1
129851,1
129853,1
129855,1
129856,1
129858,1
129859,1
129860,1
129861,1
129864,1
129869,2
129870,1
129873,1
129878,1
129879,2
129881,1
129883,1
129884,1
129885,1
129888,1
129889,1
129890,1
129897,2
129899,1
129901,1
129903,1
129904,1
129905,1
129906,2
129908,1
129909,1
129910,1
129911,1
129917,1
129918,1
129921,1
129923,1
129926,1
129927,1
129928,1
129937,1
129940,2
129941,2
129942,2
129948,1
129950,1
129952,1
129960,1
129963,2
129965,1
129968,1
129971,1
129976,3
129978,1
129981,1
129984,2
129985,1
129987,1
129994,2
129995,1
129996,2
129997,1
129999,1
130004,1
130006,2
130007,1
130009,2
130016,1
130018,1
130019,2
130020,2
130021,3
130025,1
130026,1
130028,2
130031,1
130035,1
130041,1
130043,1
130044,1
130045,1
130048,2
130050,1
130053,3
130054,1
130056,1
130059,1
130060,1
130061,1
130063,1
130068,1
130077,2
130078,1
130081,1
130086,1
130087,1
130095,1
130097,1
130099,1
130103,1
130105,2
130107,1
130108,1
130111,1
130114,2
130116,1
130118,1
130122,2
130125,1
130127,1
130133,1
130134,1
130139,1
130141,1
130142,2
130145,2
130147,2
130149,1
130150,1
130151,3
130152,1
130154,1
130155,2
130159,1
130160,1
130161,1
130163,1
130164,2
130166,1
130167,1
130169,2
130172,1
130173,1
130174,3
130176,1
130177,1
130182,1
130183,1
130184,1
130186,1
130188,1
130192,2
130193,1
130194,1
130195,1
130196,1
130197,1
130198,1
130205,2
130206,1
130208,1
130214,1
130215,1
130218,1
130219,1
130220,1
130222,2
130226,1
130229,1
130230,1
130232,1
130233,2
130234,2
130235,2
130236,1
130240,2
130244,3
130246,1
130247,1
130252,1
130255,1
130257,2
130259,1
130261,1
130262,2
130265,1
130267,1
130269,1
130272,2
130273,1
130274,1
130276,1
130281,1
130286,2
130287,1
130288,1
130289,1
130291,1
130292,1
130296,1
130303,1
130304,3
130306,3
130310,1
130313,3
130314,1
130316,1
130317,1
130318,1
130319,1
130322,2
130323,1
130324,1
130334,2
130337,1
130339,1
130340,1
130341,1
130342,1
130344,2
130347,1
130348,1
130352,2
130353,2
130354,1
130356,1
130358,1
130359,2
130360,2
130368,1
130371,2
130373,2
130374,1
130378,1
130382,1
130383,1
130384,1
130385,1
130387,1
130389,1
130392,1
130393,1
130394,1
130397,1
130398,2
130400,1
130401,1
130402,1
130403,1
130405,1
130406,2
130407,2
130410,1
130411,1
130414,2
130415,2
130416,1
130417,2
130418,1
130419,1
130422,3
130424,1
130426,1
130428,2
130429,1
130432,1
130433,1
130437,1
130438,1
130439,1
130444,1
130446,1
130447,1
130448,1
130451,3
130452,1
130454,1
130458,3
130459,2
130462,1
130465,1
130469,1
130470,1
130474,1
130475,1
130479,1
130480,3
130482,1
130483,1
130485,1
130493,1
130495,1
130496,1
130499,2
130502,1
130507,1
130511,2
130514,2
130519,1
130520,1
130522,1
130523,3
130524,1
130527,1
130530,1
130531,1
130537,1
130539,1
130542,1
130544,2
130545,2
130546,1
130548,1
130554,1
130559,2
130561,2
130565,1
130566,1
130567,2
130569,1
130570,2
130571,2
130572,1
130576,1
130577,1
130581,1
130582,1
130588,1
130591,1
130597,2
130600,1
130603,3
130607,1
130608,2
130609,1
130611,2
130612,1
130615,1
130618,2
130620,1
130623,1
130625,2
130626,2
130627,1
130630,2
130634,2
130635,1
130637,1
130640,2
130643,1
130645,1
130646,1
130648,2
130649,1
130653,1
130654,2
130662,1
130663,1
130664,1
130667,1
130671,2
130675,1
130678,1
130679,2
130686,1
130691,1
130693,1
130694,1
130695,1
130698,2
130700,2
130705,1
130710,1
130711,1
130714,2
130716,1
130717,1
130718,1
130720,1
130721,1
130722,1
130726,1
130729,1
130731,3
130732,1
130733,1
130734,1
130737,1
130738,1
130740,1
130742,2
130744,1
130745,1
130746,1
130748,1
130750,3
130757,1
130758,1
130761,1
130764,1
130768,1
130771,1
130772,1
130774,1
130775,1
130782,1
130784,1
130785,2
130787,1
130788,2
130792,1
130794,1
130795,2
130796,1
130805,1
130807,1
130808,1
130813,1
130814,1
130820,2
130821,2
130822,1
130823,1
130824,1
130829,1
130832,2
130835,1
130836,1
130842,1
130843,3
130844,1
130848,1
130850,1
130851,1
130854,1
130855,1
130858,1
130861,1
130862,1
130864,1
130869,2
130875,2
130877,1
130880,1
130882,1
130883,1
130884,1
130887,1
130892,1
130894,2
130896,2
130898,1
130901,1
130904,1
130905,1
130906,1
130908,1
130912,1
130916,1
130917,2
130918,1
130924,1
130927,2
130928,1
130929,1
130930,1
130931,1
130932,2
130933,1
130935,1
130936,1
130937,2
130939,1
130940,1
130941,1
130942,1
130956,1
130963,1
130964,2
130965,1
130966,1
130971,1
130973,2
130976,1
130977,1
130978,1
130979,1
130983,1
130988,2
130991,1
130992,2
130993,1
130994,1
130997,1
130998,1
130999,2
131001,1
131002,1
131004,2
131005,1
131008,1
131010,1
131013,1
131014,1
131015,1
131017,1
131023,2
131024,2
131025,1
131026,1
131027,1
131032,2
131033,1
131035,2
131036,1
131041,2
131044,1
131045,1
131047,1
131048,2
131049,1
131052,1
131053,1
131054,1
131055,2
131057,2
131060,2
131061,2
131063,1
131064,1
131066,3
131068,2
131073,2
131075,1
131079,1
131081,1
131083,2
131085,1
131087,1
131089,1
131091,2
131092,1
131093,4
131094,1
131095,1
131104,1
131105,1
131107,1
131110,1
131112,1
131115,3
131116,1
131119,1
131121,1
131127,1
131128,3
131130,1
131131,2
131133,1
131134,1
131137,1
131138,2
131140,3
131141,2
131142,1
131143,1
131144,1
131146,1
131148,1
131150,1
131152,1
131154,1
131155,2
131159,1
131160,1
131162,1
131167,1
131168,2
131173,1
131174,3
131176,1
131182,2
131183,2
131185,1
131186,1
131187,1
131191,1
131193,1
131195,1
131198,1
131202,1
131209,1
131210,1
131211,1
131216,1
131217,2
131218,1
131219,1
131221,1
131222,1
131223,2
131225,1
131236,1
131239,1
131243,1
131245,1
131247,1
131249,1
131250,1
131251,2
131253,2
131254,2
131257,1
131259,1
131260,1
131261,1
131262,1
131267,2
131269,1
131270,2
131277,1
131278,1
131281,1
131283,1
131287,1
131288,1
131290,1
131291,4
131295,1
131299,3
131300,1
131302,2
131304,2
131311,1
131312,1
131313,1
131315,1
131316,1
131317,2
131319,1
131321,2
131322,1
131324,1
131325,1
131329,1
131330,1
131332,1
131335,1
131336,1
131337,2
131340,1
131341,2
131342,1
131355,2
131356,1
131357,1
131360,1
131361,1
131362,1
131368,1
131370,1
131379,1
131380,1
131381,2
131384,1
131387,1
131393,1
131395,1
131396,1
131397,2
131398,1
131400,1
131401,1
131402,1
131403,1
131404,1
131408,1
131413,2
131416,1
131419,2
131422,1
131424,1
131427,2
131429,1
131430,1
131431,1
131433,1
131436,1
131438,1
131439,1
131445,1
131446,1
131449,1
131450,1
131455,1
131458,1
131461,1
131465,1
131468,2
131472,2
131474,2
131476,1
131478,1
131482,1
131484,1
131485,1
131486,1
131487,1
131488,1
131489,2
131490,1
131491,1
131492,1
131493,1
131494,3
131495,1
131496,1
131497,1
131498,2
131500,1
131502,1
131503,1
131509,1
131512,1
131516,1
131520,1
131521,2
131523,1
131530,2
131533,2
131535,1
131536,1
131538,1
131541,1
131542,1
131546,1
131547,1
131548,1
131551,2
131552,2
131553,1
131555,1
131556,1
131562,1
131565,1
131568,1
131571,2
131572,1
131575,2
131580,1
131584,1
131589,2
131593,1
131594,1
131598,1
131599,2
131602,1
131604,1
131606,1
131615,1
131616,1
131618,1
131620,1
131623,2
131626,1
131629,4
131630,1
131635,1
131638,1
131640,4
131643,1
131647,2
131654,1
131655,1
131656,1
131662,1
131663,1
131664,2
131669,1
131670,2
131671,2
131675,1
131676,1
131678,1
131679,2
131680,1
131682,1
131684,1
131685,1
131686,1
131688,1
131690,2
131692,1
131694,1
131696,1
131697,3
131699,1
131705,1
131708,1
131710,1
131712,2
131715,3
131717,1
131719,1
131720,1
131722,2
131724,1
131726,1
131727,1
131729,1
131733,1
131734,1
131739,1
131745,1
131749,1
131750,2
131756,1
131759,1
131760,1
131763,1
131766,1
131767,1
131768,1
131771,1
131773,2
131775,1
131776,1
131777,1
131778,1
131779,1
131780,2
131781,1
131783,2
131785,3
131787,1
131788,1
131795,2
131797,1
131799,1
131801,1
131802,1
131806,1
131811,1
131812,1
131815,1
131816,1
131817,2
131818,1
131819,2
131820,1
131821,1
131822,1
131823,1
131826,1
131827,1
131828,1
131829,1
131830,1
131832,1
131834,1
131835,1
131837,1
131839,1
131840,1
131841,1
131845,1
131846,2
131851,2
131853,1
131856,1
131857,1
131860,1
131861,1
131862,2
131863,1
131866,1
131867,1
131870,1
131871,1
131877,1
131878,1
131885,1
131887,1
131888,1
131889,1
131891,1
131895,1
131896,2
131898,2
131899,1
131902,1
131903,2
131912,1
131914,2
131922,1
131925,2
131929,2
131931,1
131936,1
131938,1
131940,1
131942,1
131943,1
131945,1
131949,2
131955,2
131957,2
131963,1
131964,2
131973,1
131974,1
131978,1
131979,1
131981,1
131983,1
131985,1
131986,1
131987,2
131988,1
131989,2
131991,1
131992,1
131994,1
132004,1
132005,1
132010,1
132011,1
132012,1
132013,1
132014,1
132015,3
132016,1
132021,1
132023,1
132024,1
132025,1
132026,1
132028,1
132030,1
132032,1
132035,1
132036,1
132038,1
132039,2
132040,1
132042,1
132043,1
132044,1
132046,1
132047,2
132048,1
132049,1
132056,1
132060,1
132062,1
132069,1
132070,1
132075,1
132079,3
132081,1
132082,1
132083,1
132085,1
132086,1
132088,1
132091,1
132092,1
132093,1
132095,1
132096,1
132099,1
132105,1
132110,1
132111,1
132113,2
132116,1
132118,1
132126,1
132130,1
132131,1
132135,1
132139,1
132140,2
132143,1
132144,1
132146,1
132147,1
132150,1
132153,2
132154,1
132156,2
132158,1
132159,2
132160,1
132161,2
132163,1
132165,1
132167,3
132169,2
132171,1
132173,2
132174,1
132178,1
132179,3
132180,1
132183,1
132186,1
132190,1
132192,2
132193,1
132194,2
132195,1
132196,1
132197,1
132201,3
132202,1
132203,4
132205,1
132208,2
132216,1
132219,1
132220,2
132221,1
132223,2
132225,1
132226,1
132231,1
132232,1
132233,1
132234,1
132236,1
132241,1
132245,1
132246,1
132250,1
132252,2
132257,2
132259,1
132262,2
132265,1
132267,1
132268,1
132273,1
132274,1
132278,2
132280,1
132283,1
132287,1
132288,1
132291,2
132293,1
132294,1
132298,1
132300,1
132303,1
132304,1
132305,1
132307,2
132309,2
132314,2
132330,2
132343,2
132344,2
132348,1
132349,3
132350,1
132357,1
132359,1
132360,1
132361,1
132363,1
132370,2
132371,1
132374,1
132375,3
132376,1
132378,1
132382,1
132386,2
132388,1
132392,2
132395,1
132396,1
132398,1
132401,1
132403,1
132407,2
132409,1
132410,1
132414,2
132416,1
132417,1
132420,1
132421,1
132426,1
132438,1
132443,1
132445,1
132454,1
132456,1
132459,1
132460,1
132461,2
132464,1
132467,1
132469,1
132470,1
132477,1
132479,2
132480,1
132481,1
132482,1
132483,1
132487,3
132488,1
132491,1
132498,1
132501,1
132503,1
132504,2
132508,1
132510,1
132511,1
132514,1
132516,1
132521,1
132526,1
132528,2
132533,2
132535,1
132541,3
132542,2
132544,1
132547,1
132549,1
132553,2
132554,2
132556,2
132560,1
132562,1
132567,1
132568,1
132569,1
132570,2
132571,1
132575,2
132578,1
132579,1
132582,2
132585,2
132586,1
132587,1
132588,1
132591,1
132592,2
132593,1
132597,2
132599,1
132600,1
132607,1
132608,2
132615,1
132618,1
132620,2
132623,1
132628,1
132630,2
132632,1
132635,1
132637,1
132641,1
132644,1
132648,1
132650,1
132656,1
132659,1
132661,2
132662,1
132664,1
132666,2
132670,3
132671,1
132672,3
132673,1
132674,1
132676,1
132677,1
132678,1
132679,1
132685,2
132689,2
132691,1
132693,1
132699,1
132708,1
132714,1
132715,1
132716,2
132718,3
132721,1
132722,1
132724,1
132725,1
132726,1
132727,1
132731,2
132733,1
132735,1
132736,1
132737,1
132738,2
132743,2
132744,1
132747,1
132749,1
132750,2
132752,1
132754,1
132755,2
132758,1
132759,1
132761,2
132763,1
132764,2
132766,1
132771,1
132772,3
132773,1
132774,1
132775,2
132777,1
132778,1
132781,1
132784,1
132785,2
132791,2
132793,1
132794,2
132796,1
132797,2
132800,1
132810,1
132811,2
132814,1
132818,2
132819,1
132823,2
132825,1
132827,1
132829,1
132830,1
132833,1
132837,1
132840,2
132842,1
132846,1
132849,2
132851,1
132852,1
132855,1
132858,1
132860,1
132861,1
132863,2
132864,1
132865,2
132872,2
132874,1
132876,1
132877,2
132884,2
132885,1
132886,1
132887,2
132890,1
132891,1
132892,2
132895,3
132898,2
132899,2
132900,1
132902,1
132903,1
132904,1
132906,1
132907,1
132909,3
132912,1
132913,2
132914,1
132916,1
132917,2
132918,1
132920,1
132922,1
132924,1
132927,2
132928,1
132930,1
132931,1
132932,1
132936,1
132937,1
132939,2
132940,1
132943,1
132946,1
132948,1
132949,1
132952,2
132954,2
132958,1
132962,1
132966,4
132967,1
132968,1
132970,1
132971,1
132973,1
132981,1
132983,1
132985,1
132986,1
132987,1
132996,1
132998,1
132999,1
133002,1
133006,1
133013,1
133014,1
133015,1
133017,1
133018,1
133019,1
133020,1
133023,2
133024,1
133026,1
133028,1
133032,1
133034,1
133040,1
133045,1
133046,1
133048,2
133049,3
133050,1
133058,1
133062,1
133063,1
133065,2
133068,1
133069,1
133072,1
133074,1
133075,1
133076,1
133077,1
133079,1
133082,1
133086,1
133087,1
133088,3
133089,1
133094,1
133097,1
133100,2
133101,1
133102,1
133103,2
133104,1
133105,1
133106,3
133108,2
133109,1
133110,2
133111,1
133112,1
133113,2
133114,1
133115,1
133119,1
133125,1
133127,1
133128,1
133131,2
133132,1
133133,1
133134,2
133135,1
133141,2
133142,1
133147,1
133150,1
133151,1
133152,1
133153,2
133156,1
133157,1
133158,1
133160,1
133161,1
133164,1
133165,2
133166,2
133168,2
133173,2
133174,1
133177,2
133179,1
133181,1
133183,1
133185,1
133189,1
133193,2
133197,1
133199,1
133200,1
133201,1
133204,1
133205,1
133207,1
133208,1
133210,1
133211,1
133212,1
133214,2
133220,1
133225,1
133226,1
133228,1
133234,1
133238,1
133240,1
133244,1
133249,1
133251,1
133256,1
133257,2
133259,1
133264,1
133265,1
133266,2
133270,1
133278,3
133279,1
133280,1
133284,2
133285,1
133286,1
133287,2
133290,1
133291,1
133292,1
133295,2
133297,1
133302,1
133304,2
133306,2
133307,2
133309,1
133310,1
133311,1
133313,1
133315,2
133316,2
133318,1
133320,1
133324,1
133328,1
133332,1
133333,1
133334,1
133335,1
133339,1
133340,1
133343,1
133344,1
133346,2
133347,1
133349,1
133350,1
133352,1
133354,2
133357,1
133360,1
133364,2
133368,1
133371,1
133372,1
133373,1
133374,1
133375,1
133376,3
133377,2
133379,1
133382,2
133386,1
133387,1
133388,1
133389,1
133394,2
133395,1
133396,1
133397,1
133398,1
133401,1
133402,1
133405,2
133407,1
133409,1
133413,1
133424,1
133425,1
133427,2
133429,1
133432,1
133433,1
133434,1
133435,1
133437,1
133438,1
133439,1
133440,1
133443,1
133447,1
133448,1
133451,1
133452,1
133455,1
133456,3
133457,1
133458,1
133462,1
133473,1
133475,1
133484,1
133486,1
133487,1
133491,1
133496,1
133497,1
133500,1
133505,2
133506,1
133515,2
133516,5
133518,1
133520,2
133524,1
133525,1
133527,2
133531,1
133533,2
133537,2
133538,1
133539,1
133540,3
133542,1
133545,1
133547,2
133549,1
133550,4
133555,1
133557,1
133558,1
133562,1
133563,1
133566,1
133568,1
133572,1
133573,1
133575,2
133577,1
133578,1
133579,1
133581,1
133583,1
133585,1
133586,2
133590,1
133593,2
133595,2
133598,1
133599,1
133603,1
133607,1
133612,1
133614,1
133616,2
133617,1
133618,1
133620,1
133623,2
133628,1
133630,1
133631,1
133632,1
133634,3
133636,1
133637,1
133638,1
133640,1
133642,1
133644,1
133645,1
133646,3
133655,1
133658,1
133660,2
133663,1
133664,1
133665,1
133666,1
133669,1
133680,1
133681,1
133682,2
133684,1
133685,3
133686,2
133688,1
133690,1
133692,1
133693,1
133694,1
133696,1
133697,2
133700,3
133701,1
133702,1
133706,2
133707,1
133708,1
133710,1
133713,1
133717,1
133718,3
133721,1
133725,1
133726,1
133727,1
133729,1
133731,1
133732,1
133733,1
133735,1
133739,1
133741,1
133743,1
133745,1
133750,1
133753,1
133754,1
133755,1
133757,2
133758,1
133759,3
133760,1
133762,3
133763,1
133764,2
133768,3
133770,1
133772,1
133773,1
133775,1
133776,1
133777,1
133779,1
133780,1
133782,2
133786,1
133787,1
133789,2
133790,2
133802,1
133803,1
133808,1
133811,1
133813,1
133817,1
133818,2
133820,1
133823,3
133833,1
133834,1
133838,2
133840,2
133845,3
133847,1
133849,1
133852,2
133857,1
133859,1
133861,2
133869,1
133871,2
133872,1
133874,1
133878,1
133879,2
133882,1
133887,1
133888,1
133892,2
133894,2
133896,1
133899,1
133901,1
133903,1
133904,1
133906,1
133907,2
133908,1
133914,1
133922,1
133923,1
133924,1
133930,1
133931,1
133936,1
133938,4
133939,1
133942,1
133948,1
133950,1
133951,1
133952,1
133960,2
133961,2
133962,1
133963,1
133964,1
133967,1
133968,1
133969,2
133976,1
133978,1
133980,1
133981,1
133983,1
133984,2
133985,1
133987,1
133988,1
133990,1
133993,1
133995,1
133996,2
133998,1
134000,1
134003,1
134008,2
134010,1
134011,2
134014,2
134016,1
134021,2
134024,2
134027,1
134030,1
134031,2
134032,2
134035,2
134036,1
134040,1
134045,1
134050,1
134054,1
134058,1
134061,1
134063,1
134064,1
134066,2
134068,1
134069,1
134072,2
134075,2
134077,1
134078,3
134081,1
134083,2
134085,2
134086,1
134087,2
134089,1
134090,3
134095,3
134096,1
134097,2
134100,1
134101,3
134104,1
134106,1
134107,1
134110,1
134112,1
134113,1
134114,1
134115,1
134116,1
134119,2
134122,1
134123,1
134125,1
134126,1
134130,1
134131,1
134133,3
134134,1
134135,2
134138,2
134142,1
134144,2
134147,2
134149,1
134150,1
134152,2
134153,1
134158,1
134160,2
134161,1
134163,4
134165,1
134167,1
134174,2
134175,1
134176,1
134177,1
134178,1
134182,1
134192,3
134193,1
134200,1
134207,3
134213,1
134218,2
134220,1
134224,1
134226,2
134230,2
134233,1
134239,2
134241,1
134243,1
134244,2
134245,1
134249,1
134250,2
134251,1
134255,1
134256,1
134257,1
134260,1
134263,1
134264,1
134266,1
134269,2
134272,1
134276,1
134277,2
134278,2
134279,1
134280,1
134283,2
134284,1
134285,1
134288,2
134289,1
134290,1
134293,2
134294,1
134298,2
134299,2
134300,1
134307,1
134310,2
134312,1
134313,3
134314,2
134318,1
134319,1
134320,1
134326,1
134328,2
134335,2
134336,2
134337,1
134338,1
134341,2
134343,1
134344,1
134345,2
134346,1
134347,1
134352,2
134353,1
134354,1
134356,2
134358,1
134362,1
134363,1
134364,1
134365,1
134367,1
134368,1
134370,1
134372,1
134373,1
134375,2
134382,1
134383,2
134384,1
134386,1
134388,1
134390,1
134393,1
134395,1
134399,2
134400,2
134402,1
134404,2
134405,1
134407,1
134410,1
134411,1
134416,1
134418,2
134419,1
134420,2
134421,1
134422,4
134423,1
134424,1
134425,2
134426,2
134428,1
134430,1
134435,1
134441,2
134444,3
134445,1
134448,1
134451,2
134457,1
134458,1
134460,1
134461,2
134464,2
134465,1
134475,1
134478,2
134481,1
134487,1
134489,1
134492,1
134494,1
134497,1
134499,1
134501,1
134502,1
134507,1
134512,2
134514,1
134515,1
134522,1
134523,2
134525,1
134526,1
134530,1
134535,1
134537,1
134541,1
134542,1
134543,1
134546,2
134548,1
134549,1
134551,2
134552,1
134553,1
134554,3
134558,2
134563,1
134564,1
134565,1
134566,1
134571,1
134572,1
134576,1
134577,1
134579,1
134580,1
134583,1
134584,1
134586,1
134587,1
134590,3
134591,1
134593,1
134594,1
134595,1
134596,1
134600,1
134601,1
134603,1
134604,2
134607,1
134616,1
134618,2
134620,2
134621,1
134624,2
134625,1
134628,1
134629,1
134630,2
134633,1
134636,1
134637,1
134640,1
134641,1
134646,1
134649,1
134651,2
134652,1
134659,1
134660,1
134666,2
134669,1
134670,2
134678,1
134679,1
134680,1
134681,1
134682,1
134684,1
134685,1
134686,1
134687,1
134688,1
134691,1
134693,1
134700,1
134703,2
134706,1
134707,1
134708,1
134710,1
134713,1
134714,1
134719,1
134723,1
134726,1
134730,1
134731,1
134734,1
134735,2
134736,1
134737,2
134738,2
134740,1
134743,1
134746,2
134747,2
134748,2
134749,1
134751,1
134752,1
134754,1
134758,1
134762,2
134764,1
134768,1
134769,1
134773,3
134774,1
134775,1
134777,1
134780,2
134782,1
134783,2
134784,2
134785,1
134791,2
134795,1
134797,1
134802,1
134805,1
134806,1
134807,1
134808,1
134814,1
134815,1
134817,1
134822,1
134823,2
134824,3
134825,1
134827,1
134828,1
134829,1
134831,1
134835,2
134837,1
134838,4
134841,1
134842,1
134850,1
134851,1
134853,2
134855,1
134856,2
134858,1
134861,1
134864,2
134865,1
134870,1
134872,1
134873,1
134879,1
134880,1
134887,1
134888,1
134892,2
134895,1
134896,1
134898,1
134899,1
134900,1
134901,1
134903,1
134904,2
134905,1
134908,1
134909,1
134912,1
134913,1
134914,1
134915,1
134916,1
134917,1
134918,1
134922,2
134923,1
134926,1
134929,1
134930,1
134931,1
134935,1
134937,2
134938,1
134941,1
134943,1
134947,1
134952,1
134955,3
134956,1
134960,1
134963,1
134965,1
134966,1
134969,1
134971,1
134978,1
134983,1
134984,1
134985,1
134986,1
134990,1
134991,2
134992,1
134993,1
134994,1
134996,1
134999,2
135000,1
135003,1
135004,1
135005,1
135008,1
135013,1
135016,2
135017,3
135018,1
135020,1
135027,1
135029,2
135035,1
135037,3
135038,1
135040,1
135044,1
135047,1
135049,1
135052,3
135054,2
135055,1
135056,1
135057,1
135060,1
135061,1
135064,1
135069,2
135072,1
135073,1
135076,1
135078,1
135087,1
135088,1
135089,2
135090,1
135093,1
135095,1
135096,1
135100,2
135102,1
135104,3
135106,1
135107,1
135108,1
135110,1
135111,1
135114,1
135116,1
135117,2
135119,1
135120,1
135121,2
135123,2
135124,1
135125,2
135127,2
135128,1
135129,1
135130,2
135132,1
135133,1
135135,1
135136,1
135139,1
135142,1
135147,1
135150,1
135153,1
135155,1
135157,2
135160,1
135163,1
135164,1
135167,1
135168,1
135169,2
135171,2
135172,1
135173,1
135176,3
135178,1
135182,1
135183,2
135184,2
135187,1
135191,1
135192,2
135197,2
135199,1
135201,1
135203,1
135206,1
135210,2
135211,1
135219,2
135222,1
135226,3
135230,2
135232,2
135233,1
135235,1
135243,1
135246,1
135248,1
135249,1
135251,1
135253,1
135255,1
135259,1
135260,1
135263,1
135265,1
135266,1
135269,1
135272,1
135273,1
135275,2
135276,1
135277,1
135280,1
135283,1
135284,1
135286,1
135290,1
135293,4
135295,2
135297,1
135302,2
135305,2
135307,1
135308,1
135312,1
135315,1
135319,1
135320,1
135322,1
135324,2
135325,1
135331,1
135332,1
135335,1
135337,1
135340,1
135341,1
135342,2
135343,1
135345,1
135348,1
135350,1
135352,1
135360,1
135361,2
135362,2
135365,1
135366,2
135370,1
135373,1
135375,1
135379,1
135380,2
135381,1
135383,1
135386,2
135387,1
135388,2
135392,1
135393,3
135395,2
135397,1
135398,2
135399,3
135400,1
135402,1
135403,1
135406,1
135408,1
135411,2
135414,2
135418,2
135420,1
135422,1
135427,1
135431,1
135433,1
135434,1
135435,1
135438,1
135439,2
135441,1
135448,1
135450,1
135452,1
135453,1
135454,1
135455,1
135460,2
135461,1
135463,1
135465,1
135466,2
135467,1
135469,1
135472,1
135473,1
135474,2
135475,1
135479,1
135482,1
135487,1
135489,2
135492,1
135494,1
135495,1
135496,2
135501,1
135504,1
135505,1
135506,1
135507,1
135508,1
135509,2
135520,1
135521,1
135525,1
135529,1
135530,2
135531,1
135532,1
135534,1
135535,1
135539,1
135540,2
135541,1
135543,2
135546,1
135547,1
135548,2
135552,1
135553,1
135554,1
135557,1
135558,1
135564,1
135566,2
135570,1
135571,2
135572,1
135573,1
135574,1
135575,2
135576,1
135577,1
135579,1
135580,1
135581,2
135585,1
135588,1
135589,2
135591,1
135592,2
135593,2
135596,1
135597,2
135599,1
135600,1
135601,1
135602,2
135606,1
135610,1
135611,1
135612,2
135616,3
135619,1
135620,1
135625,1
135629,1
135630,1
135636,1
135637,1
135640,1
135643,1
135645,1
135646,2
135647,1
135651,1
135653,1
135654,1
135655,1
135657,2
135658,1
135659,1
135661,1
135662,1
135664,2
135666,1
135667,1
135671,1
135676,3
135682,1
135683,2
135685,1
135689,1
135691,1
135693,1
135694,1
135695,1
135696,1
135697,1
135700,2
135702,1
135707,1
135713,1
135714,2
135716,2
135717,1
135718,1
135720,1
135724,1
135728,2
135739,3
135740,1
135741,1
135742,1
135743,1
135744,1
135746,1
135747,1
135749,1
135752,1
135755,2
135757,1
135759,1
135763,1
135765,1
135771,1
135772,1
135774,2
135776,1
135780,1
135785,1
135788,1
135793,1
135797,1
135800,1
135801,1
135803,2
135804,1
135808,1
135809,1
135810,1
135812,1
135814,1
135815,2
135816,2
135817,1
135821,2
135825,1
135833,1
135834,1
135836,1
135838,1
135839,1
135845,1
135847,1
135848,1
135853,1
135860,1
135865,2
135867,2
135868,1
135875,1
135877,2
135880,1
135882,1
135883,3
135884,1
135886,3
135888,3
135889,1
135890,2
135891,3
135893,2
135895,1
135897,1
135898,2
135901,2
135906,1
135907,1
135911,1
135912,1
135914,3
135915,1
135916,1
135917,1
135918,1
135919,1
135923,1
135927,1
135928,1
135930,2
135931,1
135935,1
135937,1
135939,2
135940,1
135941,1
135947,2
135948,1
135950,1
135951,1
135955,1
135956,1
135958,1
135960,2
135964,1
135965,1
135967,2
135968,1
135970,1
135975,2
135980,1
135981,1
135983,1
135995,1
135997,2
135998,1
136000,1
136004,1
136005,2
136007,1
136008,2
136011,1
136012,1
136016,1
136020,1
136021,1
136022,1
136023,1
136025,1
136028,2
136032,3
136033,1
136037,1
136042,1
136044,2
136046,1
136047,1
136049,1
136050,1
136051,1
136052,1
136053,2
136054,1
136056,1
136057,2
136059,1
136061,1
136069,1
136070,1
136074,2
136075,1
136076,1
136078,1
136079,1
136080,1
136082,1
136083,1
136084,1
136086,1
136087,1
136088,3
136090,2
136093,1
136094,1
136097,1
136098,1
136102,1
136103,1
136105,1
136117,1
136122,1
136123,3
136125,1
136126,2
136128,1
136130,1
136133,2
136134,1
136136,2
136137,1
136138,2
136144,1
136146,3
136148,1
136149,1
136151,2
136152,2
136156,1
136159,1
136160,2
136166,1
136169,1
136170,2
136176,1
136183,2
136184,1
136190,1
136192,1
136198,3
136201,1
136204,3
136206,1
136209,1
136210,1
136212,1
136215,1
136216,2
136217,1
136218,3
136219,2
136222,2
136224,1
136225,1
136227,1
136228,2
136245,3
136246,4
136248,1
136250,1
136253,1
136254,1
136258,1
136259,1
136260,2
136261,2
136263,1
136270,1
136271,1
136272,1
136274,1
136275,1
136276,2
136279,2
136280,1
136282,1
136284,3
136285,1
136287,1
136288,1
136291,3
136292,1
136293,1
136294,2
136298,1
136299,1
136300,1
136301,1
136303,1
136305,1
136306,2
136309,1
136311,1
136314,1
136317,1
136324,1
136333,1
136335,1
136341,1
136343,1
136344,1
136346,1
136349,1
136350,1
136356,1
136357,2
136358,1
136360,1
136362,1
136368,1
136369,1
136370,3
136371,1
136374,1
136377,2
136379,1
136380,1
136381,1
136384,2
136385,1
136390,1
136391,2
136392,1
136393,1
136402,1
136404,1
136407,1
136409,1
136412,1
136414,1
136415,1
136417,1
136419,1
136420,1
136422,1
136425,1
136427,1
136431,1
136433,2
136437,1
136446,2
136447,1
136449,1
136451,2
136452,2
136453,2
136456,1
136460,1
136461,1
136463,1
136464,1
136468,1
136472,1
136475,1
136478,1
136479,1
136480,1
136481,1
136482,2
136484,1
136486,2
136487,2
136488,2
136489,2
136490,1
136491,2
136494,1
136499,1
136500,1
136502,1
136504,2
136506,1
136509,1
136511,1
136513,1
136517,1
136520,1
136522,1
136523,1
136524,1
136529,2
136530,1
136531,1
136535,1
136536,1
136538,2
136542,2
136552,1
136553,1
136554,1
136556,1
136559,1
136560,1
136563,1
136566,1
136568,1
136569,1
136570,1
136571,1
136572,1
136573,1
136577,2
136581,2
136583,1
136585,1
136586,1
136587,1
136590,1
136591,1
136595,1
136599,1
136602,1
136613,2
136614,1
136616,3
136617,2
136620,2
136623,1
136624,1
136627,1
136629,1
136630,1
136633,1
136634,1
136636,1
136638,3
136641,1
136643,1
136651,1
136655,2
136658,1
136660,1
136663,1
136664,1
136665,1
136670,3
136672,2
136673,1
136674,1
136675,1
136676,1
136677,1
136678,1
136680,1
136690,1
136693,1
136697,1
136698,1
136699,1
136700,1
136702,1
136703,1
136704,2
136705,1
136708,2
136710,1
136716,1
136717,1
136718,1
136719,3
136722,1
136723,1
136724,1
136725,1
136726,1
136727,3
136730,1
136732,3
136733,1
136735,1
136739,2
136740,1
136743,2
136746,1
136752,1
136755,2
136757,1
136758,2
136760,2
136762,1
136766,1
136768,2
136774,1
136775,1
136776,1
136777,2
136778,1
136780,1
136781,1
136782,1
136783,2
136786,2
136787,1
136788,1
136790,1
136792,1
136793,1
136800,1
136801,2
136802,1
136803,3
136804,1
136810,2
136811,1
136815,2
136816,2
136817,1
136820,2
136821,1
136828,1
136829,1
136831,1
136832,2
136836,1
136839,1
136844,1
136845,1
136847,2
136850,1
136854,2
136856,1
136857,2
136859,2
136861,3
136862,1
136870,1
136871,1
136879,1
136883,1
136884,1
136885,1
136886,1
136888,1
136890,1
136892,1
136894,1
136896,1
136897,1
136898,1
136899,1
136905,2
136909,1
136910,1
136911,2
136912,1
136914,1
136915,1
136918,1
136923,1
136925,1
136927,1
136928,1
136931,1
136932,1
136934,1
136935,1
136941,1
136942,1
136943,1
136946,1
136948,2
136949,2
136951,1
136956,1
136957,1
136959,1
136960,1
136965,4
136966,1
136967,1
136971,2
136972,1
136973,1
136974,2
136975,1
136976,1
136977,1
136979,1
136981,1
136982,1
136983,2
136984,2
136985,1
136986,2
136992,1
136993,1
136994,1
136996,2
137001,2
137005,2
137006,1
137007,1
137010,1
137012,1
137013,1
137014,1
137019,1
137020,1
137022,1
137029,1
137031,1
137032,1
137033,1
137034,1
137035,1
137037,1
137038,1
137039,1
137043,1
137044,3
137047,2
137048,1
137049,1
137054,1
137056,1
137058,1
137060,1
137061,2
137062,1
137063,2
137066,1
137069,1
137071,1
137072,1
137074,1
137075,1
137076,1
137077,1
137078,1
137080,2
137083,1
137087,1
137099,2
137100,1
137101,2
137102,1
137103,1
137106,3
137108,1
137111,1
137112,1
137116,1
137117,2
137120,1
137121,1
137123,1
137124,1
137125,2
137126,1
137129,1
137133,1
137134,1
137135,1
137138,1
137141,1
137142,1
137144,1
137147,2
137150,1
137156,2
137157,1
137158,2
137163,1
137164,1
137167,2
137176,1
137179,1
137180,1
137181,1
137183,1
137185,1
137187,3
137188,1
137189,2
137190,1
137192,1
137194,1
137199,1
137200,1
137205,1
137209,1
137212,1
137213,1
137218,1
137219,1
137223,2
137227,1
137230,1
137234,1
137237,2
137242,1
137243,2
137244,2
137246,2
137248,1
137249,1
137250,1
137251,1
137252,1
137254,4
137257,1
137258,1
137259,1
137260,3
137261,1
137264,2
137265,1
137268,1
137269,2
137274,1
137275,1
137278,1
137281,1
137285,1
137286,1
137287,1
137289,1
137291,1
137297,1
137298,1
137301,2
137302,1
137303,1
137309,1
137310,1
137314,2
137315,1
137317,2
137319,1
137320,2
137322,1
137325,1
137328,2
137329,1
137330,1
137332,1
137333,1
137338,1
137349,1
137350,1
137351,1
137353,2
137354,1
137357,1
137360,2
137361,1
137363,1
137364,1
137365,1
137369,1
137376,1
137377,1
137384,1
137386,5
137387,2
137388,1
137389,1
137393,1
137394,1
137398,1
137399,1
137404,3
137405,1
137417,1
137418,1
137420,1
137422,1
137424,2
137425,1
137426,2
137427,2
137428,1
137432,1
137433,1
137436,1
137437,1
137445,2
137449,1
137451,1
137452,1
137453,2
137456,1
137457,2
137461,1
137462,1
137472,1
137473,1
137475,1
137476,1
137483,1
137487,2
137491,1
137492,3
137493,3
137502,1
137508,1
137511,1
137517,1
137518,2
137519,1
137521,1
137524,1
137525,1
137527,1
137528,1
137530,2
137532,1
137533,1
137534,1
137537,1
137538,2
137539,1
137543,1
137546,2
137548,1
137549,1
137550,1
137552,1
137554,1
137556,2
137558,2
137562,1
137563,1
137571,1
137573,1
137574,1
137577,1
137580,1
137581,1
137585,1
137588,1
137590,1
137593,2
137597,1
137599,1
137600,2
137602,2
137604,1
137606,1
137607,1
137608,1
137611,2
137612,1
137613,1
137615,3
137616,1
137617,2
137620,2
137622,1
137624,1
137625,2
137630,1
137632,1
137633,1
137637,1
137641,1
137645,1
137646,1
137647,1
137648,2
137652,1
137655,1
137658,2
137659,1
137663,1
137664,1
137665,3
137667,1
137669,1
137674,2
137677,2
137678,2
137681,2
137683,1
137684,2
137690,1
137693,2
137694,1
137696,3
137697,1
137700,1
137701,1
137702,1
137703,2
137704,1
137706,1
137709,1
137713,3
137714,1
137717,1
137719,1
137720,1
137722,2
137723,2
137724,1
137726,1
137727,1
137728,2
137730,1
137738,1
137739,1
137747,1
137751,1
137753,1
137754,2
137757,1
137759,1
137760,1
137761,1
137763,1
137766,1
137767,1
137772,1
137777,1
137778,1
137779,1
137782,2
137785,1
137788,1
137789,2
137795,2
137798,1
137801,1
137805,3
137807,2
137813,1
137818,2
137821,1
137825,1
137827,1
137828,1
137831,1
137832,1
137836,1
137838,1
137844,1
137845,1
137847,1
137848,1
137851,3
137856,2
137860,1
137867,1
137872,1
137873,2
137874,1
137878,1
137882,1
137883,1
137886,2
137891,1
137892,1
137896,1
137898,4
137900,1
137904,1
137905,2
137906,1
137909,1
137910,2
137912,1
137915,1
137924,1
137928,4
137937,1
137940,1
137942,1
137945,1
137949,2
137952,1
137954,1
137955,1
137956,1
137958,1
137959,1
137966,1
137969,1
137970,2
137972,1
137973,1
137974,1
137975,1
137977,1
137979,2
137980,3
137983,2
137987,1
137989,3
137992,2
137997,1
137998,1
138002,1
138003,2
138005,1
138006,1
138007,1
138010,3
138012,1
138013,1
138016,1
138017,1
138018,1
138019,1
138022,1
138025,1
138029,2
138033,2
138034,2
138039,2
138042,2
138048,2
138051,1
138053,2
138056,1
138057,1
138058,2
138060,1
138065,1
138069,1
138072,1
138078,1
138079,1
138089,1
138090,2
138091,1
138095,1
138096,1
138098,1
138100,1
138103,1
138104,1
138106,1
138107,2
138108,1
138109,1
138112,1
138113,1
138115,1
138121,1
138124,1
138125,1
138128,2
138132,1
138135,2
138137,1
138141,1
138143,1
138144,1
138145,1
138146,1
138147,2
138153,1
138155,1
138156,2
138166,3
138168,1
138173,1
138181,1
138182,1
138188,2
138189,1
138192,2
138193,1
138195,1
138196,1
138197,3
138198,1
138199,2
138202,1
138205,1
138209,2
138213,1
138216,1
138219,1
138221,1
138222,1
138223,1
138225,2
138226,1
138227,1
138228,1
138229,2
138235,2
138237,1
138238,1
138250,1
138253,1
138255,1
138257,2
138265,1
138267,1
138268,1
138269,1
138270,1
138275,1
138278,3
138284,3
138285,1
138288,1
138290,1
138293,2
138296,1
138297,1
138298,2
138300,1
138301,3
138302,2
138303,1
138304,1
138306,2
138307,1
138308,1
138310,1
138311,1
138314,3
138315,3
138316,1
138320,1
138324,2
138325,2
138327,1
138331,1
138332,1
138336,1
138338,3
138339,1
138341,1
138342,1
138344,1
138348,2
138350,1
138352,1
138354,2
138355,1
138357,1
138358,1
138362,1
138363,1
138366,1
138369,1
138371,1
138374,1
138375,1
138377,1
138378,1
138379,2
138384,2
138388,1
138390,1
138392,1
138395,1
138396,1
138399,2
138404,1
138408,2
138409,1
138410,1
138412,2
138413,1
138415,4
138416,2
138417,1
138418,2
138419,1
138422,1
138427,1
138428,1
138430,1
138432,1
138435,1
138438,2
138440,1
138445,1
138448,1
138450,2
138454,1
138455,2
138457,1
138458,1
138459,1
138460,2
138463,1
138464,1
138466,1
138469,1
138470,2
138471,1
138472,1
138473,1
138475,4
138477,1
138479,1
138480,1
138482,2
138483,2
138484,1
138489,1
138492,1
138494,2
138496,2
138497,1
138499,1
138501,2
138502,1
138503,1
138505,1
138506,1
138508,1
138509,1
138510,1
138518,1
138520,1
138521,1
138522,1
138524,1
138525,2
138529,2
138530,1
138531,1
138532,1
138540,1
138542,1
138548,1
138549,1
138550,1
138554,3
138561,2
138572,1
138573,1
138580,1
138582,1
138583,1
138584,1
138585,3
138590,1
138595,1
138596,2
138597,2
138599,2
138603,1
138605,1
138612,5
138616,4
138620,2
138625,1
138627,2
138632,1
138637,1
138639,1
138640,1
138641,1
138645,1
138648,1
138649,2
138652,1
138654,1
138656,1
138657,1
138658,1
138663,1
138666,1
138668,1
138669,1
138673,1
138676,1
138679,1
138681,1
138684,1
138685,2
138687,1
138689,2
138690,1
138691,1
138692,1
138700,3
138703,2
138704,2
138705,1
138706,1
138707,1
138709,1
138711,1
138712,1
138715,1
138716,3
138720,2
138721,3
138722,1
138723,2
138727,1
138728,3
138730,2
138731,1
138733,1
138736,1
138737,2
138741,1
138742,2
138745,1
138755,2
138759,2
138760,1
138761,1
138762,1
138763,3
138764,1
138767,1
138770,1
138772,1
138774,1
138778,2
138780,1
138783,1
138788,3
138789,1
138790,1
138796,1
138798,1
138800,2
138801,1
138805,1
138806,1
138808,2
138810,1
138814,1
138817,1
138819,1
138821,1
138827,1
138828,1
138830,1
138832,2
138833,1
138835,1
138836,1
138837,1
138838,1
138846,1
138848,1
138855,1
138856,1
138857,1
138859,2
138862,2
138868,1
138871,1
138874,1
138875,1
138876,1
138877,1
138879,1
138884,1
138887,1
138888,1
138890,1
138892,2
138896,1
138898,1
138899,1
138901,1
138902,2
138903,1
138905,1
138906,2
138907,1
138912,1
138914,2
138915,1
138919,1
138923,2
138928,1
138930,1
138934,1
138937,1
138939,1
138940,1
138944,1
138945,2
138947,1
138948,1
138957,4
138959,1
138964,2
138965,1
138966,1
138970,1
138972,1
138974,1
138979,1
138983,1
138988,1
138994,1
138997,2
138998,1
138999,1
139001,1
139003,2
139004,1
139007,2
139009,2
139011,1
139012,1
139015,1
139018,2
139021,2
139025,1
139027,1
139028,1
139030,2
139032,1
139036,1
139037,3
139038,1
139039,2
139043,1
139046,1
139052,1
139055,1
139056,1
139061,1
139065,1
139067,3
139070,1
139072,2
139073,2
139082,1
139092,1
139099,2
139102,1
139104,2
139107,1
139110,1
139112,1
139113,1
139117,1
139120,2
139124,1
139129,1
139131,1
139132,2
139134,1
139137,1
139140,1
139146,1
139148,1
139152,1
139155,1
139156,1
139158,1
139159,1
139161,1
139163,1
139166,2
139169,1
139171,2
139173,1
139177,1
139179,1
139186,1
139187,1
139191,1
139196,1
139197,1
139201,1
139202,2
139203,1
139204,1
139205,1
139211,1
139212,2
139215,1
139217,1
139220,2
139221,1
139222,2
139224,3
139226,1
139227,2
139229,1
139230,1
139231,1
139232,3
139235,1
139237,1
139238,1
139241,2
139242,1
139246,1
139248,1
139250,1
139251,1
139257,1
139261,2
139262,1
139263,3
139267,1
139270,1
139274,2
139281,1
139282,1
139283,1
139284,1
139286,1
139288,1
139293,1
139294,1
139296,1
139297,1
139299,2
139305,1
139308,1
139310,1
139312,1
139313,1
139314,1
139316,1
139317,1
139318,1
139326,1
139329,2
139330,1
139331,2
139333,2
139336,1
139341,2
139342,1
139343,3
139345,1
139349,1
139350,2
139351,1
139354,1
139355,2
139361,2
139363,1
139366,1
139369,2
139374,1
139375,1
139380,1
139381,1
139384,1
139385,1
139386,1
139387,1
139391,1
139393,1
139395,1
139402,1
139403,1
139405,1
139407,1
139408,1
139410,1
139411,2
139412,1
139413,1
139414,1
139416,1
139417,1
139420,1
139423,1
139424,1
139426,1
139428,1
139430,1
139431,1
139434,1
139436,1
139440,1
139442,1
139444,1
139445,1
139448,1
139453,1
139454,1
139455,1
139457,1
139458,1
139461,1
139465,1
139467,1
139471,2
139472,1
139473,2
139474,1
139476,1
139478,1
139484,2
139487,1
139488,3
139489,2
139491,1
139493,1
139500,2
139502,1
139503,2
139505,1
139506,1
139512,1
139514,2
139515,2
139516,1
139522,1
139523,1
139526,1
139529,1
139530,1
139535,1
139536,2
139538,1
139542,1
139543,1
139547,1
139549,1
139550,1
139555,1
139557,1
139566,2
139570,1
139571,1
139573,1
139576,1
139578,1
139582,2
139584,1
139585,1
139586,2
139593,1
139594,1
139595,1
139600,1
139601,2
139603,3
139604,1
139605,2
139608,1
139610,2
139611,1
139613,1
139618,1
139621,1
139624,1
139636,1
139638,1
139639,1
139640,1
139641,1
139644,1
139647,1
139649,1
139650,1
139652,2
139655,1
139656,2
139658,2
139659,1
139663,2
139666,1
139673,1
139674,1
139677,1
139682,1
139683,1
139684,1
139685,1
139691,1
139696,1
139697,2
139698,1
139699,1
139701,1
139705,3
139706,1
139707,2
139712,1
139713,1
139717,1
139729,1
139730,1
139735,2
139736,1
139737,1
139740,2
139741,1
139745,1
139749,1
139750,1
139756,1
139757,2
139759,1
139760,1
139761,1
139762,1
139764,1
139765,1
139769,2
139770,2
139771,1
139772,3
139775,2
139777,1
139778,1
139779,1
139781,1
139784,1
139786,1
139795,1
139797,1
139803,1
139804,1
139808,1
139809,1
139810,1
139813,1
139814,1
139815,1
139817,1
139821,2
139822,2
139824,1
139827,1
139830,1
139833,2
139839,1
139840,1
139841,1
139842,1
139849,2
139851,1
139855,2
139856,1
139858,3
139859,1
139861,1
139862,1
139867,1
139868,2
139869,1
139872,2
139878,1
139880,1
139881,1
139884,1
139885,1
139887,1
139889,1
139890,1
139892,1
139895,1
139897,2
139903,1
139906,1
139910,1
139912,2
139914,1
139915,1
139918,1
139922,1
139924,1
139927,1
139930,2
139935,1
139946,1
139947,1
139948,1
139952,2
139956,1
139959,1
139965,2
139968,1
139973,1
139974,2
139977,2
139978,1
139979,1
139982,1
139985,2
139992,3
139995,1
139997,1
139998,1
139999,1
140005,1
140008,2
140009,1
140012,1
140016,2
140017,2
140019,1
140021,1
140022,1
140025,2
140026,1
140029,1
140030,1
140032,1
140033,1
140036,1
140037,2
140038,2
140040,1
140043,1
140048,1
140054,1
140061,1
140063,2
140076,1
140077,1
140078,1
140079,1
140080,2
140084,1
140085,3
140087,1
140090,1
140093,1
140098,1
140099,1
140102,2
140104,1
140105,1
140107,4
140108,1
140110,1
140112,2
140119,1
140120,1
140121,1
140123,2
140124,2
140125,1
140128,2
140132,3
140134,1
140137,2
140140,1
140141,3
140142,1
140144,2
140145,1
140148,1
140152,1
140153,1
140155,3
140157,1
140158,1
140160,1
140166,2
140167,1
140169,1
140170,1
140172,1
140175,1
140176,2
140177,2
140178,1
140179,2
140181,1
140183,1
140186,1
140190,1
140192,1
140194,2
140196,1
140197,1
140200,1
140201,1
140209,1
140211,1
140212,1
140217,1
140218,3
140223,1
140224,2
140229,1
140230,1
140236,1
140238,1
140239,1
140240,1
140241,1
140242,1
140246,1
140247,2
140248,2
140250,1
140251,1
140252,2
140255,1
140258,2
140259,1
140261,1
140262,1
140264,1
140265,1
140271,2
140272,1
140273,1
140275,1
140276,1
140277,2
140278,1
140282,3
140283,2
140287,1
140289,3
140293,1
140295,2
140297,1
140300,1
140306,2
140308,1
140309,1
140310,2
140311,1
140312,1
140314,1
140315,1
140317,1
140318,2
140319,1
140320,1
140326,1
140328,2
140329,1
140330,1
140331,1
140332,2
140333,1
140337,1
140338,1
140345,1
140347,3
140350,1
140351,1
140352,1
140353,1
140354,1
140357,2
140359,2
140360,1
140361,1
140365,1
140367,1
140368,2
140374,1
140375,1
140378,3
140379,3
140380,2
140384,3
140387,1
140388,2
140389,1
140390,1
140393,1
140394,1
140399,2
140402,2
140404,1
140405,1
140407,2
140411,2
140412,1
140414,1
140415,1
140417,1
140420,1
140422,1
140427,3
140432,2
140433,3
140436,1
140439,1
140443,2
140448,1
140452,2
140453,1
140457,4
140459,1
140463,1
140464,1
140465,1
140468,1
140477,1
140479,1
140481,3
140484,1
140486,2
140487,2
140490,1
140492,1
140494,1
140499,1
140500,1
140501,1
140502,2
140503,1
140504,1
140505,1
140507,2
140509,1
140513,2
140514,1
140518,1
140520,3
140522,1
140525,2
140530,1
140533,1
140545,1
140554,1
140558,1
140561,1
140563,1
140564,1
140577,2
140578,1
140579,2
140581,1
140582,1
140583,1
140584,1
140587,3
140592,2
140594,1
140596,1
140597,1
140607,2
140611,1
140613,1
140614,1
140615,1
140616,1
140618,1
140622,1
140631,1
140636,1
140637,1
140641,1
140642,1
140648,1
140649,2
140651,1
140653,1
140656,1
140663,1
140669,1
140671,1
140673,1
140674,1
140675,1
140676,2
140677,2
140678,1
140680,1
140682,2
140683,1
140684,1
140688,3
140692,1
140693,1
140696,1
140698,1
140699,1
140701,1
140702,1
140704,1
140705,1
140706,2
140708,1
140709,1
140713,1
140715,1
140716,1
140719,2
140723,2
140724,2
140727,1
140728,1
140730,1
140732,1
140733,1
140735,1
140736,1
140737,1
140740,1
140745,1
140747,1
140750,2
140751,1
140752,1
140753,2
140757,3
140759,1
140764,3
140767,1
140769,3
140778,2
140779,1
140780,1
140781,1
140784,1
140785,2
140789,1
140790,2
140791,1
140792,2
140799,1
140800,2
140802,2
140809,1
140815,4
140817,2
140818,1
140819,1
140823,1
140829,1
140831,1
140834,1
140837,1
140840,2
140841,1
140843,3
140848,2
140850,1
140852,1
140854,2
140856,2
140857,1
140859,1
140864,1
140866,1
140872,1
140875,1
140876,2
140877,1
140882,1
140883,1
140886,1
140887,1
140892,1
140894,1
140895,2
140897,1
140899,1
140900,2
140906,2
140907,1
140911,1
140924,3
140926,1
140927,1
140928,4
140930,2
140932,1
140935,1
140939,1
140941,1
140944,1
140946,1
140950,2
140953,1
140955,1
140956,1
140957,2
140959,2
140962,1
140963,1
140965,2
140966,1
140968,1
140969,3
140970,1
140974,1
140979,1
140980,1
140981,1
140982,1
140986,2
140987,1
140991,1
140996,1
140997,3
140998,1
141000,2
141002,4
141004,1
141007,1
141008,2
141010,1
141011,1
141015,1
141016,2
141018,1
141020,1
141021,1
141024,1
141026,1
141030,1
141031,1
141035,1
141037,1
141038,1
141042,2
141047,1
141049,1
141050,1
141054,2
141055,2
141056,1
141058,1
141059,1
141061,1
141062,1
141064,1
141067,2
141076,1
141080,2
141081,1
141082,2
141085,1
141087,1
141088,1
141089,1
141094,1
141095,1
141096,1
141097,1
141098,2
141099,2
141100,1
141101,1
141104,1
141105,1
141106,2
141111,2
141114,1
141116,1
141118,1
141122,2
141125,1
141129,1
141131,1
141134,3
141136,2
141141,2
141142,1
141143,3
141152,1
141153,1
141157,1
141159,1
141166,3
141169,1
141170,2
141171,1
141172,1
141173,1
141175,1
141176,1
141177,1
141178,1
141179,1
141181,1
141182,1
141183,1
141188,1
141190,1
141191,1
141193,1
141194,1
141195,2
141196,1
141197,1
141198,1
141205,1
141207,1
141208,2
141211,1
141212,2
141213,1
141214,3
141216,1
141217,1
141219,1
141221,1
141223,1
141225,1
141230,1
141231,2
141234,2
141235,2
141236,2
141237,1
141239,1
141243,1
141245,1
141247,1
141249,1
141252,1
141253,1
141255,1
141257,1
141259,1
141260,1
141261,1
141268,1
141269,1
141271,1
141276,1
141278,1
141281,2
141283,1
141285,1
141288,1
141290,2
141291,1
141292,1
141304,1
141307,1
141309,1
141310,1
141311,1
141312,1
141314,1
141317,1
141320,1
141321,1
141322,1
141323,1
141328,2
141329,1
141332,1
141336,1
141338,1
141340,2
141341,1
141345,1
141346,1
141349,1
141353,2
141363,1
141365,1
141367,1
141371,1
141372,3
141373,1
141374,1
141379,1
141380,1
141382,1
141383,1
141384,1
141386,1
141387,1
141388,1
141389,2
141392,1
141393,1
141394,1
141397,1
141401,1
141403,2
141404,1
141405,1
141412,3
141413,2
141414,2
141415,1
141422,1
141425,1
141428,3
141430,1
141433,1
141434,1
141435,1
141436,1
141437,1
141440,1
141443,1
141448,1
141449,2
141450,2
141454,2
141456,1
141458,1
141461,2
141463,1
141467,1
141469,1
141471,1
141473,1
141474,1
141477,1
141479,1
141480,1
141481,1
141482,1
141485,1
141486,3
141488,2
141490,1
141491,1
141495,1
141496,1
141498,3
141500,2
141503,1
141504,1
141509,1
141515,1
141516,1
141518,2
141522,2
141525,2
141527,1
141530,1
141531,2
141532,1
141536,1
141538,1
141540,1
141543,1
141546,1
141547,1
141548,2
141551,1
141557,1
141561,1
141562,1
141564,3
141565,3
141568,1
141569,1
141571,2
141572,1
141573,1
141574,1
141576,2
141577,1
141580,1
141581,2
141582,2
141587,1
141589,1
141592,1
141593,2
141594,2
141597,1
141599,2
141607,2
141610,1
141614,1
141616,1
141617,1
141619,1
141620,1
141625,2
141632,1
141633,1
141634,2
141635,2
141637,1
141638,1
141641,1
141646,1
141648,5
141653,1
141658,1
141661,2
141662,1
141663,1
141664,1
141665,1
141666,1
141667,1
141669,1
141671,1
141672,1
141673,1
141675,2
141688,1
141689,1
141696,1
141699,2
141700,2
141703,1
141705,1
141706,2
141707,1
141708,1
141709,1
141711,2
141712,2
141714,1
141716,2
141718,1
141720,1
141721,1
141723,1
141724,1
141725,1
141732,1
141734,1
141736,1
141737,1
141739,1
141743,2
141747,1
141748,1
141750,1
141752,1
141755,1
141757,1
141758,1
141759,1
141762,1
141766,1
141767,1
141769,1
141770,1
141771,1
141772,1
141777,2
141778,1
141784,1
141785,1
141786,1
141789,1
141790,1
141791,1
141793,1
141794,1
141797,1
141798,1
141803,1
141804,1
141809,1
141810,2
141811,2
141813,1
141814,1
141816,1
141820,1
141825,1
141827,1
141829,1
141830,1
141831,1
141835,2
141837,2
141842,1
141843,1
141845,1
141846,2
141848,1
141850,2
141853,1
141854,2
141856,2
141862,1
141863,1
141864,2
141868,1
141872,1
141873,1
141874,1
141877,1
141882,2
141886,1
141887,1
141888,1
141889,1
141891,1
141892,1
141894,2
141895,2
141898,1
141901,2
141906,1
141907,2
141908,1
141909,1
141910,1
141911,2
141914,1
141916,1
141919,1
141923,1
141924,2
141925,1
141926,1
141928,1
141930,2
141934,2
141943,1
141944,1
141945,1
141946,1
141947,2
141956,1
141960,2
141961,1
141962,1
141965,1
141966,1
141969,2
141970,1
141973,1
141974,1
141975,2
141977,1
141980,2
141981,2
141984,1
141985,1
141986,1
141988,1
142001,1
142004,2
142005,1
142008,1
142009,1
142012,1
142014,1
142015,2
142017,1
142020,1
142024,1
142029,1
142030,1
142031,2
142041,1
142042,1
142043,2
142046,1
142048,1
142050,1
142051,2
142053,1
142062,1
142064,2
142068,1
142069,1
142072,1
142073,1
142074,1
142079,2
142083,1
142090,2
142093,2
142094,1
142096,3
142104,1
142106,1
142107,1
142110,1
142112,2
142113,1
142115,2
142118,1
142119,1
142122,1
142123,1
142127,1
142129,1
142130,1
142133,1
142134,1
142138,1
142139,2
142143,1
142144,1
142152,1
142153,1
142155,1
142163,2
142164,1
142171,1
142173,1
142174,1
142176,2
142177,1
142179,3
142181,2
142182,2
142185,2
142187,1
142188,1
142189,1
142197,1
142201,2
142203,1
142205,1
142210,1
142211,1
142212,2
142213,1
142215,2
142216,2
142217,1
142223,1
142225,1
142230,2
142237,1
142238,1
142242,1
142245,1
142250,2
142257,1
142259,1
142261,2
142266,1
142267,1
142268,1
142269,2
142270,1
142272,1
142273,1
142274,1
142277,2
142281,3
142284,1
142285,2
142286,2
142288,1
142293,1
142294,1
142295,1
142298,1
142301,1
142304,1
142306,2
142311,4
142314,1
142315,1
142316,1
142317,1
142318,1
142320,1
142322,1
142323,1
142329,2
142330,1
142335,1
142336,1
142338,1
142341,1
142343,1
142346,2
142347,2
142348,1
142351,1
142358,2
142366,1
142368,1
142369,1
142371,1
142372,2
142374,1
142375,1
142381,3
142385,2
142386,1
142388,2
142390,1
142392,1
142393,2
142401,1
142403,1
142406,1
142408,3
142412,1
142416,1
142420,1
142422,1
142423,1
142424,1
142425,1
142427,1
142434,1
142435,2
142436,2
142437,1
142438,2
142441,1
142442,2
142446,1
142453,1
142454,1
142455,1
142457,1
142458,1
142459,2
142461,1
142462,1
142463,2
142465,1
142468,1
142469,1
142471,2
142472,1
142475,1
142476,1
142478,1
142480,2
142483,1
142487,1
142489,1
142490,2
142498,1
142501,1
142503,1
142504,2
142505,2
142508,1
142509,2
142513,1
142515,1
142519,1
142527,1
142529,1
142532,1
142534,1
142538,1
142540,1
142541,1
142544,3
142547,2
142548,2
142549,1
142553,1
142554,1
142555,1
142556,1
142563,1
142569,2
142570,1
142572,3
142575,1
142576,1
142579,3
142583,1
142584,1
142585,1
142587,1
142588,2
142589,2
142590,1
142591,2
142595,1
142596,1
142602,1
142604,1
142607,1
142608,1
142611,1
142612,2
142613,1
142615,1
142616,1
142621,1
142622,1
142624,1
142630,1
142632,1
142635,1
142636,1
142639,2
142640,1
142641,1
142642,2
142643,1
142645,1
142647,1
142652,2
142653,2
142655,2
142658,1
142661,2
142665,2
142667,1
142668,1
142672,1
142677,1
142678,1
142680,1
142681,1
142688,2
142689,2
142691,1
142694,1
142695,1
142696,1
142710,1
142716,1
142721,1
142724,1
142727,1
142729,1
142730,1
142731,2
142738,1
142740,1
142741,1
142746,1
142747,1
142752,1
142753,2
142754,1
142755,2
142757,1
142758,1
142764,1
142768,1
142770,1
142772,1
142775,1
142778,1
142782,1
142785,1
142787,1
142788,1
142789,1
142791,1
142792,1
142793,1
142794,2
142800,1
142803,2
142807,2
142809,1
142810,1
142812,1
142813,1
142816,1
142817,3
142818,1
142819,2
142830,1
142831,1
142836,1
142837,1
142838,1
142839,1
142842,2
142844,1
142846,1
142847,1
142850,1
142854,1
142855,1
142858,2
142860,1
142864,2
142868,1
142869,1
142871,2
142873,1
142877,1
142882,1
142885,1
142887,1
142889,3
142890,1
142893,1
142895,1
142899,1
142900,1
142902,2
142904,1
142905,1
142906,1
142910,1
142911,2
142914,2
142917,1
142918,1
142923,1
142926,2
142932,1
142933,1
142934,1
142938,1
142939,1
142940,3
142942,3
142943,2
142945,1
142947,2
142949,1
142954,1
142956,1
142957,1
142958,2
142960,1
142964,2
142967,1
142970,1
142971,1
142972,2
142975,1
142976,1
142979,1
142980,1
142981,2
142982,1
142983,1
142984,1
142986,2
142987,1
142988,1
142989,1
142991,1
142992,3
142998,2
142999,1
143003,1
143006,2
143013,2
143014,1
143015,1
143016,1
143017,2
143018,1
143019,1
143028,1
143032,1
143034,1
143035,1
143036,1
143037,1
143039,1
143040,1
143043,1
143045,1
143047,1
143050,1
143051,1
143058,1
143060,1
143061,1
143062,2
143065,1
143066,1
143068,1
143069,1
143072,1
143077,1
143079,1
143081,1
143092,2
143095,3
143098,2
143099,1
143102,1
143104,2
143105,1
143106,1
143107,1
143108,2
143110,2
143115,1
143117,2
143118,1
143119,1
143124,1
143125,1
143129,1
143131,3
143133,2
143135,1
143141,2
143145,1
143146,1
143147,1
143152,1
143153,1
143156,1
143157,2
143159,1
143160,1
143168,1
143172,2
143174,1
143176,1
143177,1
143182,1
143183,1
143184,2
143186,1
143188,1
143189,1
143192,1
143194,1
143196,1
143204,2
143206,1
143208,1
143210,2
143211,1
143212,2
143214,1
143217,1
143219,1
143220,1
143221,3
143228,1
143229,2
143230,1
143231,1
143234,1
143241,3
143244,2
143249,1
143252,2
143254,2
143256,1
143263,1
143264,1
143265,1
143267,1
143268,1
143270,1
143271,1
143278,2
143280,3
143281,2
143282,1
143283,1
143284,1
143286,2
143287,1
143289,1
143290,1
143295,2
143296,2
143297,1
143299,1
143301,1
143303,1
143305,1
143307,1
143308,1
143310,1
143312,1
143315,1
143319,2
143321,1
143324,1
143325,2
143328,1
143331,1
143334,2
143335,1
143336,2
143337,1
143338,2
143341,2
143342,1
143343,1
143344,2
143346,1
143347,1
143349,2
143350,2
143351,2
143357,1
143358,1
143364,1
143365,1
143366,1
143367,2
143369,1
143370,2
143371,2
143372,1
143374,1
143376,1
143378,1
143379,1
143382,2
143383,1
143392,1
143393,1
143394,1
143395,3
143396,1
143397,1
143398,2
143400,2
143405,1
143411,2
143414,2
143416,2
143417,1
143418,4
143419,1
143421,1
143424,1
143431,2
143432,1
143436,1
143437,1
143441,3
143453,1
143454,2
143456,1
143458,1
143467,1
143468,1
143470,1
143471,1
143473,1
143475,1
143476,1
143478,1
143482,1
143483,1
143484,3
143485,1
143488,2
143490,1
143494,1
143495,1
143497,1
143503,1
143510,1
143511,1
143512,1
143517,1
143519,1
143523,1
143531,1
143533,1
143535,3
143536,1
143537,1
143539,2
143541,1
143542,1
143544,2
143550,1
143552,2
143554,1
143556,1
143557,1
143558,1
143559,1
143561,1
143567,1
143568,1
143569,1
143571,1
143576,1
143582,1
143585,1
143586,1
143587,1
143588,3
143589,1
143590,1
143592,1
143593,1
143596,1
143602,1
143604,1
143606,2
143607,1
143611,2
143613,2
143614,1
143615,2
143618,1
143620,2
143623,1
143624,1
143627,2
143629,2
143630,1
143633,3
143634,1
143635,1
143638,3
143641,1
143645,1
143646,1
143647,1
143648,2
143653,1
143654,1
143661,1
143662,1
143663,1
143665,1
143669,2
143674,1
143676,3
143677,1
143684,1
143685,1
143686,2
143688,2
143690,1
143695,1
143696,4
143699,1
143701,3
143702,1
143703,2
143704,1
143706,1
143707,1
143709,3
143710,2
143712,2
143715,1
143717,1
143719,1
143720,1
143721,1
143723,1
143725,1
143726,1
143727,1
143729,2
143732,2
143733,3
143734,1
143735,1
143736,2
143741,1
143742,1
143745,1
143747,3
143750,1
143753,2
143754,2
143758,1
143760,2
143761,5
143762,2
143764,1
143767,1
143768,1
143770,2
143773,1
143775,2
143779,2
143780,1
143783,1
143792,1
143793,1
143795,1
143796,1
143797,1
143798,1
143800,1
143801,1
143805,2
143806,1
143807,2
143808,2
143810,1
143816,1
143821,1
143822,2
143825,2
143827,2
143832,1
143833,1
143836,1
143838,1
143842,1
143843,1
143844,2
143845,1
143848,1
143851,1
143852,1
143854,2
143856,1
143858,1
143862,1
143865,3
143867,1
143876,1
143877,2
143878,1
143879,1
143885,1
143887,1
143888,1
143890,1
143892,1
143893,1
143894,1
143898,1
143899,1
143900,1
143904,1
143905,1
143906,1
143909,2
143912,1
143913,1
143918,1
143920,1
143921,1
143922,1
143924,1
143926,1
143927,1
143928,1
143929,1
143930,2
143934,1
143936,4
143937,2
143939,1
143947,1
143948,1
143949,1
143950,1
143951,1
143952,1
143953,1
143955,2
143957,1
143960,2
143961,1
143966,3
143969,1
143972,1
143974,1
143976,1
143978,2
143981,3
143982,2
143983,1
143984,1
143985,1
143988,3
143989,1
143991,1
143993,2
143997,2
143999,1
144002,1
144006,2
144008,1
144012,1
144013,2
144021,1
144022,2
144023,1
144028,3
144030,1
144032,1
144033,2
144035,1
144039,2
144046,1
144047,1
144048,3
144051,1
144058,1
144060,1
144062,1
144063,1
144065,1
144066,1
144067,1
144068,1
144071,1
144073,1
144079,1
144084,1
144085,1
144086,2
144088,1
144089,1
144091,2
144093,2
144094,1
144095,1
144096,1
144097,2
144098,2
144100,1
144101,2
144105,1
144107,1
144116,2
144119,1
144122,1
144125,1
144128,2
144131,1
144133,1
144138,1
144141,1
144151,1
144154,1
144156,2
144157,1
144159,1
144160,1
144162,1
144165,1
144167,1
144168,1
144173,1
144174,1
144175,1
144176,1
144177,2
144180,1
144185,1
144187,1
144188,1
144190,1
144192,2
144195,1
144197,1
144198,2
144203,1
144208,2
144210,1
144212,2
144213,2
144215,1
144216,1
144217,2
144220,1
144222,1
144223,1
144224,1
144225,1
144228,1
144230,1
144231,1
144233,1
144236,3
144240,2
144244,1
144245,1
144246,4
144248,1
144249,1
144250,2
144251,1
144253,1
144255,1
144256,2
144260,1
144266,1
144274,2
144275,2
144276,1
144282,2
144283,1
144285,1
144288,1
144289,2
144293,2
144294,1
144300,1
144303,1
144304,2
144305,1
144308,1
144310,1
144313,1
144315,1
144319,1
144320,2
144327,1
144328,2
144331,2
144336,1
144337,1
144341,1
144342,1
144343,3
144345,2
144346,2
144350,2
144351,1
144357,1
144358,1
144363,2
144366,1
144367,1
144368,1
144371,1
144374,1
144375,1
144376,1
144379,1
144382,1
144384,2
144385,1
144386,3
144390,1
144391,1
144393,1
144394,1
144395,1
144397,1
144399,1
144400,2
144402,1
144409,1
144410,1
144412,1
144413,1
144420,1
144421,1
144422,1
144423,1
144429,1
144432,1
144434,1
144435,1
144436,2
144437,1
144439,1
144443,2
144448,1
144456,1
144457,1
144458,1
144459,2
144461,1
144462,1
144465,1
144467,1
144470,2
144479,1
144483,1
144484,2
144485,1
144486,1
144488,1
144490,1
144494,2
144496,3
144498,1
144500,3
144502,2
144503,1
144504,1
144506,1
144507,1
144509,1
144512,1
144519,2
144520,2
144521,1
144522,2
144525,1
144532,1
144534,1
144535,1
144538,1
144539,2
144544,1
144545,1
144546,1
144549,1
144554,2
144556,1
144558,1
144560,3
144562,1
144563,1
144568,3
144578,2
144583,1
144586,2
144590,1
144591,1
144592,3
144593,1
144597,2
144599,1
144600,1
144603,2
144604,1
144606,1
144608,1
144609,1
144611,1
144614,1
144617,1
144620,1
144625,2
144626,1
144628,2
144631,1
144632,1
144635,2
144637,2
144638,1
144640,1
144641,2
144646,1
144647,1
144648,1
144650,1
144653,1
144654,2
144656,1
144658,2
144659,1
144662,1
144665,1
144667,1
144673,2
144675,1
144678,2
144681,1
144683,1
144684,1
144689,2
144693,2
144696,1
144697,1
144698,1
144702,2
144705,2
144709,1
144711,1
144712,2
144715,2
144718,1
144719,1
144720,1
144723,1
144727,1
144730,1
144732,2
144733,1
144736,1
144738,1
144740,5
144742,1
144743,1
144744,1
144745,1
144746,1
144748,1
144749,1
144750,1
144755,1
144757,1
144758,1
144759,1
144760,2
144761,1
144762,1
144763,1
144764,3
144766,1
144768,1
144769,1
144770,1
144771,1
144774,1
144776,1
144779,2
144780,1
144781,1
144784,2
144786,1
144787,1
144788,2
144790,1
144792,2
144795,1
144796,1
144798,2
144801,2
144802,1
144803,1
144809,1
144810,1
144812,1
144816,2
144820,1
144823,1
144824,1
144828,2
144833,5
144835,1
144836,1
144839,1
144841,1
144843,1
144846,1
144850,1
144851,2
144853,1
144856,1
144860,1
144861,1
144863,1
144865,1
144866,1
144867,1
144868,2
144870,1
144873,1
144874,1
144878,2
144880,1
144882,2
144885,1
144886,3
144887,1
144889,1
144891,1
144892,1
144894,1
144895,1
144896,1
144897,1
144898,1
144900,2
144901,2
144905,2
144907,1
144909,1
144911,1
144915,1
144921,1
144924,1
144925,1
144927,2
144933,2
144934,2
144935,2
144936,1
144937,1
144939,1
144941,1
144942,1
144943,1
144944,1
144946,1
144947,1
144950,2
144953,1
144956,2
144958,1
144959,1
144960,1
144964,1
144965,1
144966,1
144969,1
144970,1
144971,1
144973,1
144977,1
144978,2
144980,4
144982,1
144984,1
144985,1
144989,2
144990,1
144991,1
144994,1
144995,2
145004,1
145007,1
145009,1
145010,2
145011,1
145013,1
145015,1
145017,1
145018,2
145019,1
145020,2
145021,1
145023,2
145025,1
145029,1
145034,1
145035,1
145036,3
145037,1
145039,1
145040,2
145041,1
145043,1
145044,1
145050,2
145051,1
145052,1
145055,1
145059,1
145060,1
145065,1
145066,1
145067,1
145068,1
145069,1
145076,1
145078,1
145079,1
145081,1
145082,1
145083,1
145088,2
145089,2
145091,1
145092,1
145093,1
145094,3
145095,1
145099,1
145101,1
145107,1
145113,2
145115,1
145116,2
145117,1
145118,1
145119,1
145124,1
145125,1
145126,1
145128,1
145130,1
145131,1
145133,2
145138,1
145139,1
145142,1
145143,1
145147,1
145150,1
145154,1
145156,2
145159,1
145162,1
145166,1
145167,1
145168,1
145171,1
145172,1
145174,1
145176,1
145177,1
145179,1
145180,1
145181,1
145182,1
145184,1
145187,1
145188,1
145189,1
145191,1
145194,1
145199,2
145203,1
145204,3
145205,1
145208,1
145209,1
145210,1
145211,1
145212,1
145214,1
145215,1
145216,2
145220,1
145221,1
145222,1
145225,2
145227,1
145228,1
145230,1
145231,1
145232,2
145235,1
145237,1
145242,1
145246,1
145248,1
145250,1
145256,2
145257,2
145260,1
145263,1
145264,1
145267,1
145271,1
145272,1
145278,1
145280,1
145283,1
145285,1
145290,3
145291,1
145293,2
145300,1
145301,2
145305,2
145306,3
145311,1
145312,1
145315,1
145320,1
145322,1
145323,1
145328,1
145329,1
145334,1
145336,2
145337,2
145339,2
145344,1
145345,1
145346,1
145351,1
145354,3
145359,2
145365,1
145367,1
145381,2
145383,2
145384,1
145385,2
145387,1
145391,1
145392,2
145394,1
145397,1
145398,1
145400,1
145402,1
145407,1
145410,1
145412,1
145414,1
145416,2
145417,1
145421,2
145425,1
145427,1
145432,2
145433,1
145439,1
145441,2
145444,3
145447,1
145448,1
145449,1
145454,1
145456,1
145458,1
145460,1
145465,2
145467,2
145475,1
145476,1
145477,1
145478,1
145481,1
145482,1
145483,1
145484,1
145490,1
145491,1
145492,3
145493,2
145496,2
145500,1
145503,2
145505,1
145508,1
145509,1
145515,1
145521,1
145526,1
145528,3
145529,1
145530,1
145531,1
145536,1
145537,1
145539,1
145540,1
145542,1
145544,1
145546,1
145547,2
145550,1
145551,1
145552,1
145555,1
145557,2
145559,1
145564,1
145568,2
145570,1
145572,3
145577,1
145580,1
145584,1
145586,1
145587,1
145592,1
145594,2
145601,1
145602,1
145603,1
145604,3
145605,1
145611,1
145612,1
145613,2
145614,1
145618,1
145619,1
145620,1
145621,1
145624,2
145625,1
145626,2
145627,2
145628,2
145630,1
145631,1
145632,2
145633,1
145635,1
145636,2
145638,2
145641,1
145642,2
145648,2
145649,1
145661,1
145663,1
145666,1
145672,2
145676,1
145677,1
145680,1
145682,1
145687,1
145688,1
145689,1
145690,1
145691,1
145697,1
145701,1
145704,1
145705,1
145708,1
145710,1
145711,1
145715,2
145717,1
145718,1
145722,2
145723,1
145724,2
145728,1
145729,1
145730,1
145734,1
145738,1
145742,2
145744,1
145749,1
145750,2
145751,1
145752,1
145754,2
145756,1
145758,2
145761,3
145764,1
145765,1
145770,1
145771,1
145776,3
145777,1
145778,1
145780,1
145781,2
145782,2
145784,1
145785,3
145786,2
145787,1
145790,1
145791,1
145799,1
145802,1
145803,2
145807,1
145812,2
145813,1
145819,1
145820,1
145822,1
145823,1
145824,1
145825,2
145827,2
145828,1
145829,1
145831,1
145832,1
145833,1
145835,2
145836,1
145839,1
145841,1
145842,1
145843,2
145850,2
145851,2
145853,1
145855,2
145856,3
145857,1
145860,2
145861,1
145863,1
145865,1
145868,1
145873,1
145878,1
145882,1
145884,2
145886,2
145887,1
145888,1
145894,2
145895,1
145899,2
145901,1
145902,1
145903,1
145906,1
145912,2
145913,1
145915,2
145916,1
145923,1
145926,2
145930,1
145931,2
145933,2
145938,1
145941,1
145942,1
145948,2
145952,1
145953,2
145954,1
145955,1
145957,2
145958,2
145963,2
145968,1
145970,1
145975,2
145976,2
145977,1
145978,1
145979,1
145983,1
145984,1
145986,2
145991,1
145993,1
145996,1
145997,1
146000,3
146004,2
146007,1
146009,1
146012,2
146013,1
146016,1
146020,2
146023,1
146024,1
146026,1
146027,1
146029,2
146031,2
146032,2
146036,1
146042,1
146043,1
146048,1
146050,2
146057,2
146058,2
146060,1
146062,2
146063,2
146064,2
146068,3
146072,1
146073,2
146075,1
146081,1
146086,1
146090,4
146097,2
146098,1
146100,1
146101,2
146104,1
146105,1
146107,1
146108,1
146109,1
146111,1
146113,1
146117,2
146118,4
146119,2
146121,1
146122,1
146124,1
146125,2
146126,1
146128,1
146129,2
146130,1
146131,2
146133,1
146136,2
146139,1
146140,1
146144,2
146145,1
146148,1
146149,1
146152,1
146153,1
146159,1
146160,1
146163,1
146170,1
146172,3
146173,1
146174,3
146175,2
146179,1
146183,1
146184,1
146186,1
146187,1
146189,2
146190,1
146192,1
146199,1
146202,3
146203,1
146205,2
146207,1
146208,1
146210,1
146215,1
146217,1
146218,1
146221,1
146225,2
146226,1
146227,1
146228,1
146229,1
146230,1
146235,1
146236,1
146237,2
146240,1
146245,1
146246,2
146252,1
146253,2
146254,2
146256,1
146259,1
146260,2
146261,1
146263,1
146266,2
146268,1
146271,1
146273,2
146284,1
146287,2
146288,1
146289,1
146292,1
146293,1
146295,3
146297,1
146299,1
146304,1
146305,4
146308,2
146309,1
146310,1
146311,1
146312,1
146314,1
146320,1
146323,1
146324,2
146326,1
146327,2
146328,1
146331,1
146332,1
146336,3
146341,1
146343,1
146349,1
146355,1
146356,1
146358,1
146360,1
146363,1
146369,1
146371,1
146372,1
146381,1
146384,2
146385,1
146386,1
146387,2
146390,2
146397,1
146398,1
146401,1
146404,1
146407,1
146409,1
146410,1
146413,1
146414,1
146415,1
146416,1
146417,1
146420,1
146423,1
146424,2
146426,1
146427,1
146431,2
146433,1
146436,1
146438,2
146443,2
146444,1
146446,4
146449,1
146452,1
146453,1
146454,1
146455,2
146458,1
146460,2
146461,1
146463,1
146464,1
146468,3
146469,3
146472,2
146473,1
146474,1
146480,1
146481,1
146482,2
146483,2
146492,1
146495,1
146497,1
146498,1
146500,2
146502,3
146503,1
146504,1
146505,2
146506,1
146508,1
146515,1
146521,2
146523,1
146524,2
146525,2
146526,1
146527,1
146529,1
146534,2
146538,2
146540,1
146543,1
146544,1
146545,1
146548,1
146554,2
146557,2
146559,2
146560,1
146561,1
146562,1
146569,1
146571,1
146572,1
146575,2
146581,1
146583,2
146584,1
146585,2
146589,1
146591,1
146592,1
146593,1
146596,1
146597,1
146598,3
146599,1
146600,1
146601,2
146602,3
146603,1
146604,1
146605,1
146608,1
146609,1
146613,2
146616,2
146624,1
146625,1
146632,1
146637,1
146639,2
146640,1
146643,1
146644,1
146645,1
146649,1
146651,1
146652,1
146657,1
146658,1
146659,1
146662,1
146663,1
146666,2
146667,1
146669,1
146670,1
146672,1
146674,1
146677,2
146680,1
146681,1
146683,2
146686,2
146687,2
146688,2
146690,1
146693,1
146695,1
146696,1
146697,1
146699,2
146705,2
146708,1
146709,1
146710,1
146711,1
146712,1
146714,1
146715,2
146718,1
146723,1
146724,1
146725,1
146730,1
146731,2
146732,1
146735,1
146736,2
146742,2
146743,1
146747,1
146748,1
146749,2
146750,1
146751,1
146752,2
146755,1
146756,1
146760,2
146761,2
146762,2
146763,1
146765,1
146767,1
146768,2
146770,1
146774,1
146776,1
146779,1
146780,1
146783,1
146784,2
146786,1
146791,1
146792,2
146795,1
146800,2
146804,2
146805,1
146813,1
146814,2
146815,1
146822,2
146823,2
146825,1
146826,1
146827,1
146828,2
146829,1
146831,1
146833,1
146842,2
146843,1
146844,1
146845,1
146846,1
146848,1
146849,1
146850,1
146852,2
146853,2
146857,1
146858,2
146861,1
146862,3
146866,1
146869,2
146874,1
146875,1
146879,1
146884,1
146885,1
146888,1
146892,1
146894,1
146896,1
146897,2
146900,1
146903,1
146904,1
146905,2
146907,2
146908,1
146909,1
146910,2
146912,2
146913,1
146914,3
146915,1
146919,1
146920,1
146921,1
146922,1
146927,1
146928,1
146930,1
146931,1
146934,1
146948,1
146952,2
146960,1
146961,1
146963,1
146964,1
146967,1
146968,1
146969,1
146970,1
146971,1
146973,1
146975,2
146978,1
146981,1
146982,2
146983,1
146984,1
146987,2
146990,1
146991,1
147004,1
147009,1
147010,1
147012,3
147013,1
147017,1
147018,1
147021,1
147023,1
147024,2
147029,1
147031,2
147032,1
147034,1
147035,1
147036,1
147039,1
147044,1
147045,1
147050,1
147051,1
147053,3
147057,1
147058,1
147060,3
147061,1
147063,1
147070,1
147072,1
147074,1
147076,1
147077,1
147078,1
147080,1
147083,1
147085,1
147090,1
147091,1
147092,1
147093,1
147094,1
147097,1
147099,2
147103,2
147104,1
147105,1
147108,2
147116,1
147123,2
147125,3
147126,1
147127,2
147134,1
147138,1
147141,1
147142,1
147144,1
147146,1
147147,2
147149,2
147150,1
147152,1
147154,1
147156,1
147157,1
147158,1
147159,1
147160,1
147161,2
147164,1
147169,1
147170,1
147174,1
147175,1
147178,1
147179,1
147180,2
147181,1
147184,1
147187,2
147189,1
147193,1
147197,1
147199,1
147201,1
147202,1
147204,1
147207,1
147208,1
147209,2
147210,1
147213,1
147217,2
147218,2
147219,1
147221,2
147225,1
147226,1
147227,1
147228,2
147229,1
147231,1
147234,2
147238,2
147241,1
147246,1
147252,1
147258,1
147259,1
147260,1
147261,2
147264,2
147267,1
147268,2
147269,1
147272,2
147276,1
147278,1
147279,2
147281,1
147284,2
147285,1
147286,2
147289,1
147291,1
147293,1
147296,1
147300,1
147303,1
147304,1
147308,1
147309,1
147314,1
147318,2
147320,1
147321,2
147323,3
147325,1
147326,2
147330,1
147333,2
147336,1
147339,2
147340,1
147341,2
147346,1
147350,1
147356,1
147358,1
147361,1
147362,2
147364,2
147365,1
147366,1
147370,1
147372,1
147376,1
147381,1
147383,1
147384,1
147387,2
147390,2
147391,2
147396,2
147402,1
147407,1
147410,1
147411,2
147414,1
147417,2
147419,1
147420,1
147421,1
147423,1
147424,1
147429,1
147431,2
147433,3
147434,2
147437,3
147438,1
147439,1
147446,1
147448,1
147451,2
147454,2
147461,2
147463,2
147467,1
147469,1
147472,1
147473,2
147474,1
147475,1
147482,1
147483,3
147485,1
147490,2
147491,1
147492,1
147493,1
147494,1
147495,2
147497,2
147498,1
147502,2
147505,1
147506,1
147508,1
147512,1
147515,2
147520,3
147523,1
147524,1
147526,1
147527,1
147528,2
147531,1
147534,2
147536,1
147539,1
147540,1
147541,2
147544,1
147547,1
147549,1
147550,1
147553,3
147562,1
147563,1
147564,1
147565,1
147566,1
147572,1
147573,1
147574,1
147576,1
147580,1
147586,1
147588,1
147589,1
147590,1
147592,2
147593,2
147596,1
147598,1
147599,3
147600,2
147601,1
147604,1
147607,1
147608,1
147609,1
147611,1
147615,1
147616,1
147617,2
147619,1
147622,1
147627,1
147628,1
147631,1
147639,1
147640,1
147641,1
147642,3
147643,3
147644,1
147646,1
147648,1
147652,2
147653,2
147661,2
147662,1
147663,1
147666,1
147669,4
147674,1
147675,1
147676,1
147679,1
147681,1
147683,1
147685,2
147687,1
147688,1
147689,1
147691,1
147692,1
147694,1
147697,1
147698,2
147699,1
147700,1
147705,3
147708,1
147712,2
147713,1
147715,1
147718,1
147719,1
147720,1
147722,1
147723,1
147728,2
147732,1
147733,1
147734,1
147735,2
147739,1
147744,1
147751,1
147752,1
147756,1
147759,1
147762,1
147763,1
147765,2
147767,1
147770,1
147775,1
147776,1
147778,1
147779,1
147782,1
147783,1
147790,1
147794,1
147796,1
147798,2
147803,1
147805,1
147809,1
147811,1
147814,1
147815,1
147820,3
147822,1
147823,2
147824,2
147825,1
147826,1
147827,1
147828,1
147833,1
147835,2
147837,1
147839,2
147841,2
147844,1
147845,3
147847,2
147848,1
147852,1
147855,2
147858,1
147859,2
147863,1
147864,1
147867,1
147868,1
147871,2
147872,2
147873,1
147875,1
147877,4
147879,2
147880,1
147884,1
147887,1
147890,1
147891,1
147892,1
147894,3
147898,2
147899,2
147901,1
147907,1
147908,1
147909,1
147912,1
147913,3
147914,1
147917,1
147918,1
147919,1
147922,1
147925,1
147929,1
147930,1
147931,1
147932,1
147934,1
147938,1
147939,1
147944,2
147945,1
147946,2
147947,1
147949,1
147951,1
147952,1
147954,1
147955,1
147957,1
147958,1
147960,3
147962,1
147963,1
147965,1
147966,1
147970,2
147971,1
147973,1
147975,1
147980,2
147981,1
147984,2
147985,1
147987,1
147989,1
147992,1
147995,1
147999,1
148002,1
148003,1
148009,1
148010,1
148014,1
148019,1
148020,1
148021,1
148023,1
148026,1
148029,1
148031,1
148032,1
148033,1
148034,1
148036,1
148037,2
148039,4
148040,1
148043,1
148049,2
148050,1
148052,2
148057,2
148059,3
148061,3
148063,1
148064,3
148065,1
148066,2
148068,1
148071,1
148073,1
148074,1
148076,1
148080,1
148083,1
148084,1
148087,1
148095,1
148097,1
148100,2
148103,2
148107,1
148109,2
148112,1
148113,1
148119,1
148121,1
148122,1
148124,1
148126,1
148129,2
148131,3
148133,1
148134,1
148135,1
148136,1
148137,1
148139,1
148141,1
148143,2
148144,1
148145,2
148147,1
148148,1
148149,1
148150,1
148152,1
148153,1
148154,2
148156,2
148163,2
148164,1
148166,1
148169,3
148170,3
148172,1
148174,3
148176,1
148178,1
148183,1
148185,1
148186,1
148192,3
148193,2
148195,1
148197,1
148198,2
148199,1
148201,1
148202,1
148208,1
148210,1
148216,1
148217,1
148218,1
148221,1
148224,2
148229,1
148230,3
148235,1
148236,1
148238,1
148239,2
148240,1
148244,1
148245,2
148246,1
148247,3
148251,1
148252,2
148258,1
148259,1
148260,1
148261,1
148262,1
148263,1
148266,1
148268,2
148271,2
148272,2
148273,1
148280,1
148282,1
148283,1
148284,1
148293,2
148298,2
148299,2
148302,1
148304,1
148305,1
148307,1
148308,2
148309,2
148310,4
148311,1
148313,1
148316,2
148317,1
148319,1
148322,1
148328,1
148330,1
148332,2
148336,1
148342,1
148343,1
148346,2
148352,3
148353,1
148357,1
148359,3
148360,1
148362,1
148364,2
148365,3
148367,2
148368,2
148371,1
148373,1
148382,1
148383,1
148388,1
148393,1
148394,1
148395,1
148396,1
148397,1
148398,2
148399,1
148401,1
148403,1
148407,1
148410,1
148411,2
148412,1
148413,1
148414,1
148415,1
148417,1
148419,1
148421,1
148424,1
148425,1
148429,2
148430,2
148434,1
148439,1
148441,1
148446,2
148447,1
148448,1
148451,2
148452,2
148454,1
148456,1
148460,1
148461,2
148462,1
148464,1
148468,1
148469,1
148470,1
148474,1
148475,2
148479,2
148480,2
148481,1
148482,1
148486,1
148487,1
148488,1
148489,1
148490,1
148492,1
148496,1
148497,1
148499,1
148500,1
148501,1
148504,1
148506,1
148508,1
148516,1
148517,1
148518,1
148524,1
148525,1
148528,2
148529,2
148531,2
148533,1
148535,1
148539,1
148541,1
148542,2
148543,1
148545,1
148547,1
148549,2
148553,1
148554,1
148558,1
148559,1
148560,2
148561,1
148567,2
148569,1
148572,1
148579,2
148585,1
148586,1
148587,1
148589,1
148592,1
148593,1
148597,1
148598,1
148600,1
148601,1
148605,1
148607,1
148608,1
148610,1
148611,2
148615,1
148617,2
148619,2
148624,1
148625,3
148629,1
148630,2
148632,1
148633,2
148635,3
148637,1
148638,1
148645,1
148647,1
148651,2
148652,3
148653,1
148655,1
148656,1
148658,1
148663,1
148665,1
148667,1
148669,1
148673,1
148674,1
148675,1
148676,2
148677,2
148678,1
148679,1
148681,2
148683,1
148684,1
148686,1
148687,1
148689,1
148699,1
148702,2
148704,2
148709,2
148710,1
148711,1
148713,1
148715,1
148717,3
148718,2
148720,1
148725,1
148727,3
148730,2
148733,1
148741,1
148744,2
148745,1
148749,1
148751,1
148754,1
148755,1
148756,1
148758,1
148759,2
148765,1
148766,1
148767,2
148768,1
148769,1
148771,1
148773,2
148774,1
148775,1
148776,1
148777,1
148778,1
148779,1
148780,2
148784,1
148785,1
148788,1
148789,2
148794,1
148795,1
148796,2
148797,1
148801,1
148802,1
148803,1
148804,1
148805,2
148808,2
148810,1
148812,1
148813,1
148814,1
148815,2
148816,2
148818,3
148819,2
148822,1
148826,1
148829,1
148832,1
148834,2
148840,1
148846,2
148851,1
148855,1
148861,1
148862,1
148868,2
148869,2
148870,1
148876,1
148878,1
148879,1
148880,1
148882,1
148887,2
148888,1
148891,1
148892,1
148893,1
148894,1
148895,1
148896,1
148897,1
148898,1
148901,1
148903,1
148904,1
148905,1
148906,1
148907,2
148909,1
148910,1
148913,1
148917,2
148918,1
148919,2
148921,1
148924,1
148926,1
148927,1
148928,1
148931,1
148933,1
148934,1
148935,2
148936,2
148938,1
148940,2
148944,1
148948,1
148949,1
148950,1
148952,1
148956,3
148958,1
148960,1
148963,1
148965,1
148966,1
148981,1
148983,1
148984,1
148985,1
148987,1
148992,1
148996,2
148997,1
148999,1
149000,1
149008,1
149009,1
149010,2
149011,1
149012,1
149014,1
149015,1
149016,1
149021,1
149023,1
149026,1
149030,1
149034,1
149035,1
149036,1
149038,1
149040,1
149041,1
149042,1
149043,2
149049,1
149050,1
149051,2
149052,1
149054,1
149055,3
149056,2
149057,1
149060,1
149062,2
149063,1
149066,1
149067,1
149068,1
149072,2
149078,1
149079,2
149082,1
149084,2
149085,1
149087,1
149089,1
149096,1
149097,2
149099,1
149101,1
149102,2
149105,1
149106,1
149108,1
149116,1
149118,1
149122,1
149123,1
149125,1
149127,1
149130,1
149131,2
149133,1
149138,1
149142,1
149143,1
149144,1
149152,2
149154,1
149156,4
149157,1
149158,2
149159,1
149160,1
149163,1
149164,1
149165,3
149168,1
149170,1
149171,2
149173,1
149174,1
149175,1
149176,2
149178,2
149180,1
149181,1
149190,2
149191,1
149192,1
149195,1
149196,1
149198,2
149200,1
149202,1
149203,1
149204,1
149205,1
149207,1
149213,1
149214,1
149216,2
149217,1
149221,2
149222,1
149224,2
149236,3
149237,2
149239,1
149241,1
149243,1
149244,3
149248,1
149251,2
149255,1
149260,1
149265,2
149266,1
149269,1
149271,1
149275,1
149276,1
149277,1
149283,1
149284,1
149285,1
149288,1
149289,1
149292,1
149294,1
149295,2
149296,2
149297,1
149298,1
149299,1
149305,1
149308,1
149311,2
149317,1
149318,1
149324,2
149325,2
149326,1
149328,1
149333,1
149334,1
149338,1
149347,2
149348,1
149349,1
149350,1
149353,2
149355,3
149358,1
149360,1
149363,1
149364,1
149365,1
149371,1
149373,2
149375,2
149377,2
149378,2
149382,1
149386,1
149389,1
149391,1
149392,2
149394,1
149395,2
149397,1
149398,2
149399,3
149401,1
149402,2
149403,1
149405,1
149408,1
149410,1
149412,2
149414,1
149415,1
149416,1
149418,1
149419,1
149420,1
149424,1
149429,1
149430,1
149431,3
149436,1
149439,2
149442,2
149443,2
149444,2
149448,1
149453,1
149455,1
149458,2
149459,1
149460,1
149461,3
149462,1
149464,1
149468,1
149470,1
149471,1
149472,1
149474,1
149476,1
149477,1
149479,1
149481,1
149484,1
149486,1
149487,1
149490,1
149491,1
149493,1
149494,1
149495,1
149499,2
149502,1
149503,2
149504,1
149505,1
149506,1
149508,1
149517,1
149529,2
149532,1
149534,1
149536,1
149538,2
149539,1
149545,1
149547,1
149550,1
149552,1
149554,1
149555,1
149557,2
149560,1
149561,2
149566,2
149567,2
149571,3
149572,1
149575,1
149580,1
149590,1
149592,1
149594,1
149595,1
149600,2
149602,1
149605,1
149608,2
149609,1
149610,1
149611,1
149612,2
149613,1
149614,2
149615,2
149620,1
149621,1
149622,1
149626,3
149627,1
149628,1
149632,1
149633,1
149639,1
149640,2
149643,1
149644,1
149645,1
149646,1
149647,1
149653,1
149654,1
149658,3
149662,1
149664,1
149667,1
149668,1
149670,1
149672,1
149677,1
149682,2
149688,1
149689,1
149690,1
149693,1
149696,1
149697,1
149698,1
149699,1
149703,1
149705,1
149706,1
149710,1
149712,2
149713,1
149715,1
149727,2
149729,1
149730,1
149739,1
149742,1
149748,2
149751,3
149753,1
149754,1
149762,1
149765,2
149766,1
149768,1
149769,1
149771,1
149773,1
149774,1
149776,1
149777,2
149778,1
149784,1
149786,1
149789,1
149791,1
149793,1
149794,2
149796,1
149797,3
149801,3
149803,1
149807,1
149808,1
149809,1
149813,1
149817,2
149818,1
149819,1
149822,1
149823,1
149825,1
149827,1
149829,1
149833,1
149838,1
149842,1
149847,1
149851,1
149857,1
149858,1
149861,2
149863,1
149864,2
149867,2
149869,1
149871,2
149874,1
149881,1
149883,1
149886,2
149892,1
149893,1
149894,1
149898,1
149899,1
149906,1
149908,2
149911,1
149915,1
149919,1
149920,1
149923,2
149924,1
149928,1
149929,1
149934,2
149935,1
149936,1
149944,1
149950,1
149951,1
149954,1
149955,1
149961,1
149962,1
149966,1
149967,1
149969,1
149973,1
149974,1
149975,1
149976,1
149978,1
149984,2
149987,1
149993,1
149994,2
149997,1
149999,1
150004,1
150005,2
150006,2
150011,1
150013,2
150014,1
150016,1
150023,1
150025,1
150027,1
150029,1
150032,1
150033,1
150035,1
150038,1
150042,2
150043,1
150048,1
150056,2
150059,1
150061,1
150064,1
150065,3
150067,2
150069,1
150070,1
150071,2
150076,1
150079,1
150088,1
150091,1
150093,1
150094,2
150097,1
150099,2
150102,1
150103,1
150105,1
150106,1
150108,1
150109,1
150110,1
150111,1
150112,2
150113,2
150115,1
150119,1
150122,1
150125,1
150130,2
150131,1
150132,1
150134,1
150137,1
150141,2
150142,1
150143,1
150144,1
150146,1
150149,3
150150,2
150152,1
150157,1
150159,1
150160,1
150163,1
150165,1
150169,1
150171,1
150173,1
150179,1
150180,1
150181,2
150187,2
150196,2
150197,1
150198,1
150202,1
150203,1
150204,1
150210,1
150211,1
150212,2
150213,1
150216,1
150218,1
150220,1
150221,1
150222,1
150224,1
150225,1
150228,1
150231,2
150232,1
150235,3
150237,1
150238,2
150240,1
150241,1
150245,1
150255,1
150258,2
150262,1
150269,2
150270,1
150271,1
150273,2
150275,1
150276,1
150277,1
150282,2
150289,3
150290,2
150291,2
150293,2
150294,2
150298,1
150304,1
150308,1
150311,1
150312,1
150313,1
150314,1
150316,1
150317,1
150320,2
150321,1
150322,1
150323,2
150324,1
150329,1
150332,1
150333,1
150334,1
150336,1
150339,2
150341,1
150342,1
150345,1
150346,1
150352,1
150358,1
150363,1
150369,1
150371,1
150374,1
150375,1
150376,1
150381,1
150382,3
150390,1
150392,2
150393,1
150394,3
150396,1
150399,2
150400,1
150405,1
150414,1
150416,3
150419,1
150422,1
150424,2
150427,1
150429,1
150431,1
150433,2
150434,1
150441,1
150442,1
150445,1
150447,1
150450,1
150451,1
150453,1
150454,1
150459,2
150462,1
150465,1
150470,2
150475,1
150477,1
150483,1
150486,2
150491,2
150492,1
150493,1
150499,1
150502,2
150505,1
150507,1
150508,1
150509,2
150511,1
150514,1
150518,2
150519,1
150523,2
150524,1
150526,1
150527,1
150528,2
150529,1
150537,1
150539,1
150541,2
150542,1
150548,1
150551,1
150552,3
150556,2
150558,1
150559,1
150562,3
150565,1
150567,1
150571,1
150573,1
150574,1
150575,2
150578,1
150580,1
150581,1
150582,1
150586,1
150587,1
150589,1
150591,1
150593,1
150594,1
150595,1
150596,1
150599,1
150606,1
150607,1
150610,1
150612,1
150617,1
150619,1
150620,1
150621,1
150622,1
150625,1
150626,1
150630,2
150632,2
150633,1
150635,1
150637,1
150641,1
150643,1
150644,1
150645,2
150647,1
150650,1
150653,1
150654,1
150656,1
150659,1
150660,2
150661,1
150663,2
150664,2
150666,1
150667,1
150669,1
150673,1
150674,1
150675,1
150677,1
150679,1
150681,1
150683,1
150689,1
150691,2
150692,2
150693,2
150694,1
150699,1
150700,1
150701,1
150706,1
150707,1
150716,1
150717,2
150718,1
150723,1
150725,1
150734,1
150737,1
150741,3
150743,3
150747,1
150755,1
150756,1
150761,1
150765,1
150768,2
150769,1
150770,2
150775,1
150776,1
150779,2
150782,1
150783,1
150784,2
150785,1
150786,1
150787,1
150788,1
150790,1
150792,1
150798,1
150800,1
150806,2
150807,2
150808,1
150809,1
150815,2
150817,1
150819,1
150820,1
150821,1
150822,2
150823,1
150825,1
150826,1
150830,1
150831,2
150832,1
150833,1
150834,1
150835,1
150836,1
150838,2
150841,1
150843,1
150849,1
150851,1
150854,2
150860,3
150861,1
150864,2
150867,1
150868,1
150869,1
150870,1
150872,1
150873,1
150874,1
150875,2
150880,1
150881,1
150882,1
150883,2
150884,1
150886,1
150888,1
150896,1
150899,2
150901,1
150903,1
150905,1
150906,3
150907,1
150908,2
150910,1
150911,3
150916,1
150920,1
150921,2
150924,1
150926,3
150927,1
150928,1
150930,1
150932,1
150933,1
150942,1
150945,1
150948,3
150950,2
150951,1
150952,1
150954,1
150955,1
150957,1
150959,2
150960,3
150961,3
150967,1
150970,1
150971,1
150975,1
150976,1
150977,2
150978,1
150980,2
150981,2
150993,1
150995,1
150996,1
150998,1
150999,1
151000,1
151001,1
151012,1
151016,1
151019,1
151020,1
151023,2
151026,1
151029,1
151032,1
151034,2
151036,1
151037,2
151040,1
151041,1
151045,4
151046,1
151048,1
151050,1
151054,1
151056,3
151057,1
151058,1
151060,1
151062,1
151066,1
151067,1
151068,1
151074,1
151076,1
151078,1
151081,1
151082,1
151083,1
151085,1
151086,1
151088,1
151092,1
151093,1
151094,2
151096,2
151098,1
151100,1
151103,1
151109,1
151113,2
151114,1
151115,1
151117,1
151120,2
151121,1
151122,1
151125,1
151127,1
151129,1
151132,1
151135,1
151136,1
151146,1
151147,1
151152,1
151153,2
151155,1
151156,2
151159,1
151163,1
151165,1
151169,1
151171,1
151173,1
151177,1
151178,2
151180,1
151181,2
151182,1
151191,1
151192,2
151193,2
151194,3
151196,1
151200,1
151203,2
151204,2
151208,1
151211,4
151212,1
151214,2
151215,4
151218,1
151220,1
151221,2
151223,1
151227,2
151232,1
151233,1
151234,1
151235,1
151236,3
151238,1
151239,2
151244,1
151247,1
151266,1
151267,1
151268,1
151269,1
151272,1
151274,2
151278,4
151281,2
151282,1
151284,1
151287,1
151291,1
151292,1
151295,1
151298,1
151301,1
151302,1
151304,1
151306,1
151307,1
151312,1
151314,3
151315,3
151317,1
151322,1
151329,2
151330,1
151331,2
151332,1
151337,2
151339,3
151344,1
151348,1
151349,1
151350,2
151352,2
151354,1
151355,1
151356,2
151357,1
151363,1
151372,1
151373,1
151375,1
151376,1
151380,1
151384,2
151392,1
151394,1
151395,1
151396,1
151397,3
151398,1
151403,1
151405,1
151408,1
151409,1
151411,1
151413,1
151417,1
151419,1
151420,1
151421,2
151423,1
151424,4
151425,1
151427,1
151428,2
151430,1
151431,1
151434,1
151437,1
151440,3
151442,1
151446,1
151448,1
151450,2
151451,1
151452,1
151458,1
151461,1
151462,1
151464,3
151465,1
151470,1
151471,1
151472,1
151476,1
151478,1
151479,1
151480,1
151483,1
151486,1
151488,1
151489,1
151495,1
151497,2
151498,1
151500,2
151503,1
151504,1
151509,1
151510,1
151512,1
151514,2
151515,1
151517,1
151524,1
151525,2
151526,1
151528,1
151530,2
151531,2
151536,2
151537,1
151538,1
151542,1
151543,1
151544,2
151545,1
151547,1
151548,1
151549,1
151552,1
151555,1
151556,1
151558,1
151563,1
151564,1
151568,1
151571,2
151575,2
151576,2
151582,2
151583,1
151588,1
151591,1
151592,1
151599,1
151603,1
151605,1
151606,1
151607,1
151610,2
151613,2
151617,1
151621,1
151623,1
151624,2
151627,1
151631,2
151637,1
151638,1
151642,1
151643,1
151648,1
151650,1
151654,1
151655,2
151656,2
151657,1
151659,1
151660,2
151661,2
151663,1
151664,1
151666,2
151667,1
151669,2
151673,1
151675,1
151677,1
151679,1
151681,1
151684,2
151690,2
151694,1
151695,1
151700,1
151704,1
151705,1
151707,1
151712,3
151717,1
151722,1
151724,1
151725,1
151727,1
151730,1
151732,1
151733,1
151734,1
151736,1
151738,1
151740,1
151742,1
151744,1
151748,1
151750,1
151752,1
151754,1
151757,1
151758,1
151759,1
151762,1
151764,1
151767,1
151769,2
151770,2
151774,1
151775,1
151779,1
151780,1
151782,2
151786,1
151792,1
151802,1
151804,1
151805,1
151807,1
151811,2
151812,1
151818,1
151819,1
151820,2
151825,1
151830,1
151831,1
151840,1
151843,1
151844,1
151846,2
151850,2
151851,1
151852,1
151857,1
151859,1
151864,2
151869,1
151871,1
151872,1
151875,2
151876,2
151877,1
151880,1
151881,1
151882,1
151885,1
151888,1
151889,1
151890,1
151891,1
151892,1
151895,1
151896,1
151898,1
151901,1
151902,1
151906,1
151910,1
151911,2
151916,1
151920,1
151921,1
151923,1
151925,3
151926,1
151927,1
151930,1
151935,3
151936,1
151937,1
151941,3
151946,1
151949,2
151953,1
151955,1
151958,1
151960,2
151962,1
151963,1
151965,1
151966,1
151969,1
151971,1
151973,1
151977,1
151978,1
151979,1
151980,1
151982,1
151983,2
151985,1
151991,1
151993,1
152000,1
152003,1
152006,1
152007,1
152011,1
152015,2
152018,1
152020,1
152021,1
152025,3
152026,1
152030,1
152035,1
152037,1
152038,1
152041,1
152043,2
152051,3
152053,2
152054,1
152055,1
152056,1
152057,1
152061,3
152062,1
152066,2
152069,3
152070,1
152075,2
152076,2
152079,1
152080,1
152084,1
152086,2
152090,2
152091,1
152095,1
152101,1
152103,1
152106,1
152109,1
152110,2
152112,1
152113,1
152114,1
152115,1
152116,2
152117,1
152118,1
152119,1
152120,1
152121,1
152122,1
152126,4
152128,1
152129,1
152130,1
152132,1
152134,1
152140,1
152145,1
152147,1
152148,3
152151,1
152153,1
152155,1
152156,1
152159,1
152161,1
152163,1
152167,1
152168,3
152171,1
152173,1
152174,1
152180,1
152182,2
152183,1
152188,1
152190,3
152194,1
152201,1
152210,1
152212,2
152215,1
152219,1
152221,1
152224,1
152230,1
152233,1
152236,1
152243,1
152244,1
152248,1
152252,1
152254,4
152255,1
152262,1
152264,2
152265,1
152266,1
152267,1
152269,2
152270,2
152271,1
152272,2
152274,2
152280,1
152282,1
152283,2
152284,1
152286,1
152289,2
152294,1
152296,1
152301,1
152303,1
152305,1
152311,1
152313,1
152318,1
152319,1
152320,1
152321,1
152324,1
152325,1
152328,1
152329,2
152330,1
152331,1
152332,1
152334,1
152335,2
152338,2
152339,2
152342,1
152344,1
152345,1
152348,1
152349,1
152352,2
152354,1
152357,1
152358,1
152363,2
152364,1
152365,1
152366,1
152368,2
152372,1
152378,1
152379,1
152384,1
152386,2
152387,1
152391,2
152394,1
152397,1
152398,3
152401,1
152405,1
152408,1
152412,1
152413,1
152416,2
152419,1
152420,1
152421,2
152422,1
152423,1
152429,2
152433,1
152435,2
152436,2
152437,1
152438,1
152441,1
152442,1
152443,1
152444,1
152445,1
152447,2
152448,1
152449,2
152450,1
152452,1
152455,1
152457,1
152458,1
152461,1
152463,1
152464,1
152465,2
152466,1
152467,1
152472,2
152475,1
152478,1
152485,1
152487,4
152491,1
152493,2
152498,3
152503,1
152505,2
152506,1
152507,1
152508,1
152509,1
152511,1
152515,1
152519,1
152520,1
152523,1
152524,1
152525,1
152526,2
152528,1
152529,1
152535,2
152536,1
152537,3
152538,1
152547,1
152548,1
152549,2
152550,2
152551,1
152552,1
152553,2
152554,1
152560,1
152563,2
152568,1
152569,1
152570,2
152571,1
152573,1
152575,1
152576,4
152580,1
152582,1
152584,1
152587,1
152590,1
152591,1
152592,2
152597,1
152599,1
152600,3
152609,1
152611,2
152613,2
152614,2
152621,1
152622,1
152627,1
152628,2
152634,1
152636,1
152637,1
152643,1
152646,1
152647,1
152651,1
152654,1
152656,1
152657,1
152660,1
152661,2
152665,1
152666,1
152667,1
152669,1
152671,1
152672,2
152675,1
152676,2
152677,2
152679,1
152680,1
152682,1
152683,3
152690,1
152691,1
152693,1
152695,1
152696,1
152697,1
152699,1
152701,2
152704,3
152708,1
152709,1
152710,1
152711,1
152714,3
152715,2
152716,2
152717,1
152719,1
152725,2
152728,1
152730,1
152732,1
152736,1
152738,1
152743,2
152744,1
152749,2
152753,1
152754,1
152756,1
152757,1
152759,1
152760,3
152762,1
152766,1
152773,1
152774,1
152775,1
152778,1
152779,1
152780,1
152782,1
152783,1
152784,2
152793,2
152794,1
152795,1
152796,2
152800,1
152801,1
152809,1
152815,1
152816,1
152817,1
152820,1
152825,1
152832,1
152833,2
152834,1
152836,2
152837,2
152838,1
152839,1
152841,2
152842,2
152844,1
152845,2
152847,1
152848,1
152849,1
152852,1
152853,1
152854,1
152860,1
152862,1
152864,3
152865,1
152868,2
152870,1
152874,1
152879,2
152880,1
152883,1
152885,1
152887,1
152889,1
152890,1
152891,1
152892,1
152893,1
152897,1
152898,1
152899,1
152901,1
152906,1
152907,2
152908,3
152909,1
152911,1
152914,1
152915,1
152916,1
152917,2
152920,2
152921,1
152923,2
152924,1
152925,1
152926,1
152928,1
152931,1
152934,4
152937,1
152938,1
152939,1
152940,1
152943,1
152944,1
152945,1
152947,1
152952,1
152953,1
152954,1
152957,1
152958,2
152960,1
152962,1
152963,1
152965,3
152966,1
152967,1
152970,1
152975,1
152977,2
152978,2
152979,1
152981,1
152983,1
152985,1
152988,1
152991,1
152992,1
152994,1
152997,4
153000,1
153001,1
153004,1
153005,1
153008,1
153012,1
153015,1
153017,1
153019,2
153023,1
153025,1
153029,2
153032,2
153034,1
153035,2
153036,1
153039,1
153043,1
153045,1
153046,1
153051,1
153052,1
153054,1
153056,2
153057,1
153059,2
153061,1
153062,1
153063,1
153064,2
153072,1
153074,1
153077,1
153080,1
153081,1
153082,1
153084,1
153087,1
153088,1
153096,1
153097,1
153099,1
153104,2
153106,1
153108,1
153109,2
153112,2
153113,1
153114,2
153115,1
153116,1
153118,1
153120,2
153124,2
153125,1
153126,2
153130,1
153132,1
153134,1
153135,1
153136,1
153137,1
153140,1
153142,2
153143,1
153145,1
153146,3
153147,1
153148,1
153149,1
153151,2
153152,2
153156,1
153157,1
153158,1
153160,2
153163,3
153165,1
153166,1
153172,1
153174,2
153175,1
153179,1
153181,1
153182,2
153184,1
153185,1
153186,2
153189,1
153190,1
153191,1
153192,2
153193,1
153196,1
153199,1
153202,1
153205,1
153206,1
153207,1
153209,1
153211,1
153213,2
153223,2
153225,2
153227,2
153228,1
153229,1
153232,1
153235,1
153236,1
153243,2
153245,1
153247,1
153251,1
153254,1
153255,1
153258,2
153259,1
153260,2
153275,1
153282,1
153286,1
153288,3
153290,2
153291,1
153293,1
153303,1
153304,1
153305,3
153307,1
153315,2
153318,1
153319,1
153320,1
153321,1
153323,2
153325,1
153328,1
153330,3
153331,2
153332,1
153334,2
153339,2
153340,2
153341,1
153344,3
153345,1
153347,2
153351,2
153353,1
153355,1
153357,2
153359,1
153362,1
153363,1
153366,2
153370,1
153373,2
153374,1
153376,1
153377,1
153378,1
153383,1
153387,1
153388,1
153389,1
153390,1
153392,1
153395,1
153396,1
153399,2
153401,2
153403,2
153404,1
153407,1
153408,1
153410,1
153411,1
153413,1
153415,1
153417,1
153421,2
153422,2
153423,1
153424,1
153426,1
153428,1
153429,2
153432,1
153435,2
153436,3
153437,1
153439,1
153441,1
153443,3
153445,1
153446,2
153447,1
153448,1
153449,2
153452,1
153454,1
153456,1
153458,1
153463,1
153465,1
153466,1
153467,2
153472,1
153473,1
153476,1
153477,1
153478,1
153479,1
153480,1
153481,2
153483,1
153491,1
153493,1
153496,1
153500,1
153503,1
153505,3
153506,1
153507,2
153509,2
153515,1
153518,2
153520,1
153522,1
153524,1
153525,1
153526,1
153530,2
153531,1
153535,1
153536,2
153537,2
153538,1
153540,1
153547,2
153550,1
153552,2
153554,1
153558,1
153560,2
153563,2
153565,1
153571,1
153572,1
153573,1
153577,1
153580,1
153581,1
153584,1
153585,1
153586,1
153588,1
153590,2
153591,2
153593,1
153595,1
153598,1
153600,2
153601,2
153603,1
153606,2
153607,1
153608,1
153611,1
153612,2
153613,1
153615,2
153617,2
153618,1
153619,1
153622,2
153626,1
153629,1
153630,1
153631,2
153633,1
153635,1
153636,2
153637,1
153641,2
153643,1
153649,2
153651,1
153652,1
153653,1
153656,2
153661,1
153663,2
153664,1
153668,2
153671,1
153672,1
153673,2
153675,1
153680,1
153684,1
153685,1
153688,2
153690,1
153694,1
153695,1
153697,1
153702,1
153703,2
153704,1
153714,1
153715,1
153719,2
153720,1
153721,1
153728,1
153734,1
153737,1
153740,1
153745,2
153746,1
153747,1
153748,1
153750,1
153754,2
153761,1
153765,1
153766,1
153773,1
153781,1
153782,1
153783,1
153786,1
153788,1
153789,1
153791,2
153792,1
153795,1
153796,1
153801,1
153803,1
153809,1
153812,1
153813,1
153817,1
153819,1
153822,1
153825,1
153827,1
153829,1
153830,2
153834,3
153836,2
153846,1
153853,1
153854,1
153859,1
153863,1
153864,1
153866,2
153867,1
153869,1
153871,1
153876,1
153877,1
153878,1
153880,2
153882,2
153883,3
153886,1
153889,1
153895,1
153905,1
153906,2
153907,1
153909,2
153913,1
153917,1
153920,1
153922,2
153923,1
153927,2
153930,1
153940,1
153941,2
153943,1
153944,1
153947,2
153951,1
153952,3
153957,2
153959,1
153961,1
153964,1
153965,2
153968,1
153970,1
153972,1
153973,2
153975,1
153976,1
153977,1
153978,1
153979,1
153980,1
153981,2
153982,1
153983,1
153984,1
153987,1
153989,1
153992,1
153996,1
153997,1
153999,1
154001,1
154003,1
154008,1
154010,1
154011,1
154014,1
154019,1
154020,2
154022,1
154024,1
154026,1
154027,2
154032,2
154033,1
154034,1
154040,1
154043,1
154045,1
154046,1
154047,1
154050,1
154051,1
154053,2
154054,1
154055,1
154060,3
154063,1
154065,1
154068,1
154072,1
154074,1
154080,2
154082,1
154086,1
154089,2
154092,2
154096,2
154097,1
154102,1
154104,1
154105,1
154106,1
154108,1
154113,1
154114,1
154115,3
154117,1
154120,1
154123,2
154127,1
154128,1
154137,1
154139,1
154140,1
154141,1
154142,2
154145,1
154150,1
154152,3
154153,2
154155,1
154157,1
154158,2
154161,1
154167,1
154168,1
154169,1
154171,1
154176,1
154178,1
154180,2
154181,1
154183,1
154184,1
154187,2
154189,1
154192,1
154193,2
154195,1
154196,2
154198,2
154199,2
154202,1
154203,2
154205,2
154206,2
154208,1
154210,1
154212,1
154214,1
154216,2
154218,1
154219,1
154220,1
154223,2
154224,1
154229,1
154230,1
154235,1
154236,1
154238,1
154241,1
154244,1
154245,1
154247,2
154249,1
154250,1
154255,1
154257,1
154258,1
154260,1
154262,1
154264,2
154268,1
154276,1
154277,2
154281,1
154282,3
154285,1
154288,1
154289,1
154292,1
154293,1
154294,2
154297,2
154298,1
154300,1
154302,1
154306,1
154311,1
154315,1
154317,1
154320,3
154325,2
154326,1
154328,1
154330,1
154331,2
154333,3
154336,1
154337,1
154339,2
154343,1
154344,1
154345,1
154346,1
154348,1
154350,1
154351,1
154353,1
154356,1
154357,1
154360,1
154363,1
154365,1
154367,1
154370,1
154373,1
154375,1
154377,2
154378,1
154380,1
154382,1
154383,1
154387,1
154389,1
154390,1
154391,3
154392,1
154393,1
154396,2
154402,2
154403,2
154404,1
154410,1
154411,2
154413,1
154415,1
154425,1
154426,1
154428,1
154429,1
154434,2
154436,1
154437,2
154439,1
154440,1
154443,1
154449,2
154451,1
154454,2
154455,1
154463,1
154464,3
154471,1
154472,1
154475,1
154476,1
154483,1
154485,2
154486,1
154491,1
154493,1
154494,1
154497,1
154500,1
154502,1
154504,1
154506,1
154508,4
154510,1
154512,1
154516,1
154524,2
154526,2
154528,1
154529,2
154530,1
154532,1
154533,1
154542,1
154544,1
154548,3
154549,1
154551,1
154554,2
154555,1
154556,3
154557,2
154558,1
154559,1
154563,1
154565,1
154566,1
154568,1
154570,1
154572,1
154574,2
154576,1
154577,1
154578,1
154579,1
154581,1
154585,3
154589,2
154591,1
154592,3
154593,1
154595,1
154598,1
154599,1
154601,3
154602,1
154604,1
154608,1
154611,1
154612,1
154613,2
154614,1
154618,2
154620,1
154621,2
154624,2
154631,1
154632,1
154633,1
154634,2
154637,1
154640,1
154642,1
154643,1
154644,1
154646,1
154648,1
154650,1
154653,1
154655,1
154656,1
154658,1
154662,1
154667,1
154671,1
154672,3
154673,1
154674,1
154677,1
154680,2
154682,1
154684,1
154687,3
154688,3
154689,3
154693,2
154696,1
154699,2
154700,2
154701,1
154708,1
154712,1
154714,2
154715,1
154719,1
154722,1
154726,1
154731,1
154733,1
154737,1
154740,1
154742,1
154743,1
154745,1
154748,1
154749,1
154750,2
154752,1
154754,1
154755,1
154757,1
154761,1
154762,1
154768,1
154771,3
154772,1
154774,1
154775,2
154778,1
154779,1
154783,1
154788,2
154792,1
154793,1
154795,1
154798,1
154805,1
154811,1
154816,1
154817,1
154819,1
154821,1
154823,1
154824,2
154829,1
154831,1
154837,1
154838,1
154839,1
154841,1
154845,1
154847,1
154848,1
154850,1
154855,1
154856,1
154858,2
154859,1
154863,1
154864,1
154865,3
154866,2
154867,1
154868,1
154869,1
154874,3
154876,1
154877,2
154878,2
154880,1
154883,1
154884,1
154885,1
154895,2
154899,1
154900,1
154901,3
154902,2
154904,1
154907,1
154910,1
154912,1
154919,1
154922,1
154923,1
154924,1
154926,1
154927,1
154928,1
154934,1
154936,2
154944,2
154945,2
154952,3
154955,1
154957,1
154958,1
154960,2
154961,1
154963,3
154965,1
154970,1
154972,1
154973,2
154975,1
154976,3
154981,2
154984,1
154988,1
154989,2
154991,1
154993,1
155001,2
155003,2
155005,1
155006,1
155012,2
155013,1
155015,1
155016,2
155017,2
155019,1
155020,1
155024,1
155027,1
155029,2
155031,1
155033,1
155034,1
155035,1
155038,1
155042,2
155044,2
155046,1
155048,1
155049,1
155050,1
155051,1
155054,1
155060,1
155062,1
155068,2
155070,1
155074,1
155077,2
155083,1
155085,2
155087,2
155088,1
155091,2
155094,1
155095,2
155096,3
155098,1
155102,2
155103,2
155105,1
155106,1
155110,2
155114,1
155115,1
155116,1
155117,1
155118,2
155121,1
155124,1
155132,1
155134,1
155137,3
155140,1
155141,1
155142,1
155147,1
155148,1
155149,2
155150,3
155151,1
155153,1
155155,1
155157,1
155164,2
155165,1
155166,1
155167,1
155168,2
155169,2
155171,1
155173,2
155178,1
155180,2
155182,1
155189,1
155190,1
155191,1
155193,2
155195,1
155207,2
155213,1
155215,1
155216,1
155220,1
155226,1
155230,2
155231,1
155237,1
155239,2
155240,1
155243,1
155244,1
155245,1
155248,4
155249,1
155251,1
155252,1
155253,1
155255,1
155261,1
155262,1
155264,2
155267,1
155268,1
155270,1
155271,2
155272,1
155273,1
155275,2
155276,1
155279,1
155280,2
155281,1
155282,1
155283,1
155285,1
155286,1
155288,1
155292,1
155293,1
155295,1
155296,2
155297,1
155303,1
155304,1
155305,1
155306,2
155307,1
155310,2
155315,1
155316,1
155317,1
155321,1
155327,1
155328,1
155332,1
155333,1
155334,1
155335,1
155341,1
155344,2
155345,1
155349,1
155353,1
155358,2
155361,1
155365,1
155367,1
155370,1
155372,1
155373,1
155379,2
155380,1
155381,1
155383,1
155384,1
155385,1
155389,1
155391,1
155395,1
155396,1
155397,2
155403,1
155410,1
155413,3
155415,1
155417,1
155420,2
155423,1
155424,2
155425,1
155426,1
155431,2
155432,1
155433,3
155434,2
155435,1
155437,2
155438,1
155439,1
155440,1
155446,1
155447,1
155453,1
155454,1
155456,1
155458,1
155461,1
155462,1
155466,1
155470,2
155472,1
155474,1
155475,1
155476,1
155477,1
155478,1
155480,2
155483,2
155484,2
155492,1
155494,1
155495,2
155502,1
155507,3
155508,1
155510,1
155512,1
155513,1
155522,1
155524,1
155525,1
155526,1
155528,1
155532,2
155535,1
155536,1
155537,1
155538,1
155540,1
155542,1
155546,1
155548,2
155551,2
155554,2
155555,1
155556,1
155557,2
155558,1
155559,1
155563,1
155567,1
155568,1
155569,1
155580,1
155586,1
155587,1
155588,1
155589,2
155590,1
155593,1
155595,1
155596,2
155602,1
155603,2
155604,1
155607,2
155608,2
155612,2
155613,2
155615,1
155617,1
155620,1
155621,1
155622,1
155623,1
155624,1
155631,3
155633,1
155634,1
155635,1
155636,1
155638,1
155639,1
155640,1
155641,1
155642,1
155646,1
155647,1
155648,1
155649,2
155650,1
155653,1
155655,3
155657,1
155658,1
155659,1
155663,1
155665,1
155666,1
155669,1
155671,1
155672,1
155673,1
155677,2
155679,1
155684,1
155686,1
155687,1
155688,1
155690,1
155691,2
155694,1
155695,2
155696,1
155698,1
155704,3
155707,1
155708,1
155709,1
155711,2
155712,1
155716,1
155718,1
155721,1
155723,1
155728,2
155730,2
155731,1
155733,2
155734,1
155736,1
155739,2
155742,1
155743,1
155748,2
155749,1
155750,1
155752,2
155754,1
155755,1
155756,1
155760,1
155761,2
155762,1
155763,1
155764,1
155767,1
155770,1
155771,2
155776,2
155777,1
155779,1
155781,1
155783,1
155784,2
155791,1
155793,1
155798,2
155800,2
155801,1
155803,1
155807,4
155810,2
155811,2
155812,1
155813,1
155814,2
155816,1
155817,1
155818,2
155822,1
155824,2
155830,1
155833,1
155835,1
155836,2
155838,1
155840,2
155843,1
155845,1
155846,2
155847,1
155848,1
155849,1
155851,1
155852,2
155854,1
155855,1
155858,1
155862,2
155864,1
155865,1
155870,1
155871,2
155874,1
155876,1
155877,1
155880,1
155882,2
155883,1
155884,1
155888,2
155890,1
155893,1
155895,1
155898,1
155900,1
155903,2
155904,1
155908,1
155909,1
155910,1
155913,1
155914,1
155917,1
155923,3
155924,1
155926,2
155931,1
155933,1
155935,2
155937,1
155939,1
155940,1
155941,1
155943,2
155944,2
155947,2
155949,2
155950,3
155951,2
155955,1
155956,1
155959,1
155964,1
155967,1
155969,1
155970,1
155971,1
155972,1
155973,2
155974,2
155975,1
155979,2
155981,1
155982,1
155987,2
155989,1
155990,1
155992,1
155994,1
155995,1
155996,3
156000,1
156001,2
156003,1
156005,1
156006,1
156009,1
156011,1
156013,2
156016,1
156017,1
156020,1
156022,1
156024,1
156025,1
156026,3
156027,2
156028,1
156035,2
156038,1
156043,1
156044,2
156045,1
156050,2
156051,1
156053,2
156054,1
156057,2
156059,1
156063,1
156064,2
156066,2
156067,1
156068,1
156069,1
156070,2
156074,1
156075,1
156079,2
156080,1
156082,1
156083,1
156085,1
156088,2
156089,1
156090,2
156093,3
156095,1
156099,1
156101,3
156103,1
156105,1
156106,1
156107,1
156109,1
156110,1
156112,1
156113,1
156115,1
156116,1
156117,1
156119,1
156123,1
156124,2
156125,1
156128,2
156132,1
156134,1
156138,1
156139,1
156140,1
156142,1
156144,1
156150,1
156152,1
156154,2
156155,1
156158,1
156159,1
156165,1
156166,1
156172,1
156176,2
156178,1
156181,1
156182,1
156187,1
156189,2
156191,2
156195,1
156196,1
156198,1
156199,2
156200,1
156207,2
156208,1
156210,1
156214,2
156217,1
156219,1
156220,1
156221,1
156222,1
156223,1
156224,1
156226,1
156230,2
156233,1
156235,1
156236,1
156239,1
156240,1
156241,1
156244,1
156246,1
156253,1
156256,1
156257,1
156262,1
156263,3
156264,1
156266,1
156277,1
156284,1
156285,1
156286,1
156289,1
156293,2
156294,1
156295,2
156296,1
156298,1
156304,1
156305,1
156314,1
156315,2
156317,1
156318,1
156320,3
156321,1
156328,1
156330,1
156334,1
156335,1
156336,1
156339,2
156345,1
156346,1
156350,1
156351,1
156356,1
156364,1
156370,1
156372,1
156373,1
156374,1
156378,2
156380,1
156382,1
156384,1
156386,2
156388,2
156390,3
156392,1
156393,1
156395,1
156400,2
156402,1
156409,1
156410,1
156411,1
156412,2
156415,1
156417,1
156420,1
156422,1
156423,1
156432,2
156434,1
156435,1
156436,1
156437,1
156439,1
156440,1
156442,1
156445,2
156446,2
156451,2
156452,1
156458,1
156465,1
156466,1
156474,1
156475,1
156477,2
156478,1
156479,1
156480,1
156481,1
156483,2
156486,1
156489,1
156490,1
156495,1
156501,1
156506,1
156508,2
156512,1
156513,1
156514,1
156516,1
156517,1
156520,1
156521,1
156522,1
156525,1
156529,1
156535,1
156539,1
156543,2
156546,1
156547,1
156550,1
156551,1
156552,1
156553,1
156554,1
156555,1
156556,1
156557,1
156561,2
156563,2
156566,2
156567,1
156568,1
156573,1
156578,2
156580,1
156581,2
156583,1
156584,2
156585,1
156586,1
156589,1
156590,1
156592,1
156593,1
156595,1
156597,1
156601,1
156608,1
156613,2
156616,1
156618,2
156620,1
156629,1
156630,1
156632,1
156633,1
156635,1
156640,2
156642,3
156646,1
156647,1
156648,1
156649,1
156655,1
156656,4
156661,1
156667,3
156671,1
156676,1
156677,1
156678,1
156679,1
156683,1
156684,1
156687,1
156689,1
156690,1
156691,1
156693,1
156694,1
156695,1
156696,1
156697,1
156698,1
156703,2
156704,2
156706,1
156710,1
156712,2
156713,2
156714,1
156715,1
156717,2
156720,1
156721,1
156724,1
156726,2
156727,1
156729,2
156730,2
156731,1
156732,1
156738,2
156743,2
156745,1
156750,1
156752,2
156759,2
156762,1
156765,1
156766,2
156767,1
156770,2
156771,1
156773,2
156776,1
156781,2
156782,1
156784,1
156785,1
156789,1
156795,1
156798,1
156799,1
156800,1
156803,2
156807,1
156809,2
156810,1
156811,2
156816,1
156817,2
156821,1
156822,1
156825,1
156826,1
156829,2
156830,1
156837,1
156845,1
156850,1
156853,5
156854,1
156855,1
156859,1
156862,1
156866,2
156868,1
156869,1
156870,1
156874,1
156879,1
156880,1
156882,1
156884,1
156886,1
156888,1
156890,1
156895,1
156904,1
156907,1
156913,1
156915,2
156916,1
156917,1
156920,1
156923,1
156925,2
156928,2
156932,2
156933,1
156934,1
156936,1
156945,1
156948,1
156949,1
156951,2
156952,3
156953,1
156954,2
156955,2
156967,1
156968,3
156969,1
156971,2
156974,1
156977,1
156978,1
156980,1
156981,2
156985,1
156986,2
156987,2
156988,1
156989,1
156992,1
156993,1
156995,1
156997,1
156998,1
157001,1
157002,1
157012,1
157014,2
157015,1
157017,2
157019,1
157020,2
157023,1
157029,1
157030,2
157039,1
157043,2
157046,1
157048,1
157049,1
157050,1
157051,2
157052,1
157053,1
157056,2
157057,1
157058,1
157059,1
157060,1
157061,1
157063,3
157064,2
157067,1
157068,2
157069,2
157077,1
157079,2
157084,2
157088,1
157090,1
157097,3
157099,1
157100,1
157104,1
157115,2
157116,1
157120,1
157121,2
157124,1
157126,1
157128,1
157129,1
157133,2
157134,1
157136,3
157139,2
157143,2
157145,2
157147,2
157148,1
157150,1
157151,1
157152,1
157154,1
157158,2
157163,1
157164,1
157168,1
157171,1
157179,1
157182,1
157183,1
157186,1
157188,1
157191,2
157193,2
157194,1
157196,2
157197,1
157200,1
157202,1
157205,1
157206,1
157207,1
157210,1
157212,1
157216,2
157219,2
157220,1
157221,1
157222,1
157224,1
157225,2
157229,1
157230,1
157232,2
157234,1
157235,1
157237,1
157239,1
157240,1
157243,1
157244,1
157245,1
157247,1
157249,1
157250,1
157253,1
157254,1
157261,1
157266,1
157276,1
157277,2
157278,1
157279,1
157280,1
157284,1
157286,1
157287,2
157288,1
157296,3
157301,2
157302,1
157303,1
157304,2
157307,2
157317,1
157318,1
157324,2
157326,1
157328,1
157331,2
157333,1
157337,2
157339,1
157340,3
157347,1
157349,1
157351,2
157353,1
157354,2
157356,1
157357,1
157358,1
157360,1
157363,1
157367,1
157368,2
157371,1
157374,2
157376,2
157377,3
157378,1
157382,2
157384,1
157386,3
157387,2
157390,1
157404,2
157405,1
157409,1
157410,1
157411,1
157412,1
157414,2
157418,2
157419,3
157420,1
157421,1
157426,3
157427,1
157430,1
157432,1
157433,1
157434,1
157438,2
157439,1
157440,1
157441,1
157442,1
157446,1
157452,1
157453,1
157454,1
157455,2
157456,1
157459,1
157460,3
157464,1
157466,2
157467,1
157468,2
157469,1
157470,1
157471,1
157473,1
157478,1
157481,1
157484,1
157486,1
157490,1
157492,1
157495,1
157502,1
157504,1
157507,1
157508,1
157509,1
157513,1
157514,1
157517,2
157521,1
157525,1
157530,1
157531,3
157533,1
157534,1
157535,1
157536,1
157538,1
157544,1
157546,1
157547,1
157552,1
157556,1
157557,1
157563,1
157564,2
157566,2
157568,2
157571,1
157572,1
157573,1
157578,1
157582,1
157583,1
157585,1
157588,1
157589,1
157590,1
157592,1
157595,2
157600,2
157601,1
157606,1
157610,1
157612,1
157615,1
157616,2
157620,1
157621,3
157627,1
157630,1
157631,1
157632,1
157633,1
157636,1
157637,2
157638,1
157639,1
157641,2
157645,1
157650,1
157652,1
157655,1
157656,1
157657,1
157661,1
157663,1
157668,1
157670,1
157672,1
157675,1
157676,1
157677,1
157678,1
157683,1
157689,1
157691,3
157695,1
157709,2
157710,1
157711,2
157716,1
157719,1
157720,1
157721,1
157722,1
157725,1
157728,1
157733,1
157734,1
157735,1
157737,1
157738,1
157739,1
157740,1
157741,1
157743,1
157746,1
157747,1
157752,1
157759,1
157760,1
157763,1
157764,2
157769,2
157770,2
157771,1
157772,2
157775,1
157777,1
157778,1
157779,3
157782,1
157783,1
157784,1
157789,1
157791,1
157802,1
157803,1
157804,1
157810,1
157811,1
157818,2
157822,2
157824,1
157825,1
157826,1
157830,1
157833,2
157834,2
157836,1
157838,1
157846,1
157847,2
157848,1
157857,1
157858,1
157859,2
157860,3
157861,1
157863,1
157864,1
157865,3
157871,1
157874,1
157876,2
157877,1
157878,1
157881,1
157882,1
157887,2
157889,1
157890,2
157891,1
157893,1
157896,1
157897,1
157898,1
157900,1
157901,2
157902,2
157906,1
157909,1
157910,1
157916,1
157919,1
157920,1
157921,3
157925,1
157926,1
157931,1
157932,2
157933,1
157934,1
157935,1
157936,1
157938,1
157940,1
157944,1
157957,1
157960,1
157961,1
157962,1
157966,1
157968,1
157969,1
157970,1
157974,4
157981,1
157985,1
157988,1
157989,1
157990,1
157991,1
157997,1
157999,1
158000,1
158001,1
158005,1
158007,1
158014,1
158019,1
158022,1
158023,1
158025,1
158027,1
158030,2
158031,2
158033,1
158040,1
158041,1
158042,2
158047,1
158048,1
158055,1
158057,1
158059,2
158060,2
158061,1
158063,2
158064,1
158065,1
158067,1
158069,1
158070,1
158072,1
158074,1
158075,1
158077,3
158078,1
158079,1
158085,2
158088,1
158089,1
158090,1
158091,1
158092,1
158094,1
158095,1
158098,1
158100,1
158101,2
158103,1
158104,1
158107,1
158110,2
158111,1
158112,1
158115,2
158117,1
158121,2
158122,1
158127,1
158129,2
158131,1
158133,1
158136,1
158137,1
158142,1
158144,2
158152,1
158153,1
158156,1
158157,1
158164,1
158171,1
158177,2
158184,1
158187,2
158191,1
158192,2
158202,1
158203,1
158207,1
158209,1
158210,2
158211,1
158215,1
158218,1
158219,2
158221,1
158222,2
158227,1
158228,2
158229,1
158230,1
158235,1
158236,1
158239,1
158240,1
158242,1
158244,1
158245,1
158246,1
158250,2
158255,2
158260,1
158264,3
158265,1
158267,2
158276,1
158278,2
158282,1
158283,1
158285,1
158288,1
158289,1
158291,1
158294,1
158295,2
158302,1
158304,1
158305,1
158308,2
158309,1
158311,4
158313,1
158314,1
158315,1
158316,2
158317,1
158320,1
158321,1
158331,1
158332,1
158336,2
158339,2
158341,2
158342,1
158343,1
158347,1
158351,2
158354,1
158355,2
158357,3
158358,3
158363,1
158364,1
158367,1
158370,1
158373,1
158375,1
158376,2
158379,1
158380,1
158381,1
158384,1
158385,1
158386,2
158387,1
158388,1
158389,1
158390,1
158391,1
158394,1
158395,1
158397,1
158401,1
158402,1
158403,1
158405,1
158406,2
158409,1
158412,1
158413,1
158414,1
158417,1
158419,1
158420,1
158423,1
158424,2
158425,1
158428,1
158429,1
158430,1
158433,1
158435,1
158437,2
158438,1
158439,2
158440,1
158441,1
158443,1
158444,3
158446,1
158448,1
158449,1
158450,1
158456,1
158459,1
158464,2
158468,1
158469,1
158470,1
158471,1
158473,1
158474,1
158475,1
158477,1
158479,1
158480,1
158482,1
158485,2
158487,1
158488,1
158489,3
158490,2
158495,1
158500,1
158504,1
158505,2
158508,2
158510,1
158513,1
158522,1
158526,1
158527,1
158528,1
158532,1
158535,1
158536,1
158539,2
158540,1
158545,1
158549,1
158553,1
158554,3
158558,1
158562,2
158564,1
158565,1
158566,1
158569,1
158571,1
158574,1
158581,1
158583,1
158585,1
158592,1
158595,3
158599,1
158600,2
158604,1
158605,1
158607,1
158610,1
158613,1
158617,1
158622,1
158627,1
158633,3
158634,1
158635,2
158636,2
158643,1
158646,1
158648,1
158650,1
158653,3
158658,2
158662,1
158664,2
158666,1
158668,1
158669,2
158672,2
158673,2
158674,1
158677,2
158679,2
158682,1
158684,1
158685,1
158687,1
158691,1
158692,1
158694,1
158696,1
158697,1
158698,1
158700,1
158702,2
158704,2
158705,1
158710,2
158711,3
158712,1
158713,1
158714,1
158715,1
158717,1
158718,1
158719,1
158720,1
158721,1
158723,1
158728,2
158730,2
158731,1
158733,1
158734,2
158735,1
158742,1
158743,1
158744,1
158747,1
158749,2
158750,2
158754,1
158759,1
158763,1
158764,1
158771,1
158772,2
158773,1
158774,1
158776,1
158778,3
158781,1
158784,1
158788,1
158789,1
158793,2
158795,1
158796,1
158797,1
158801,1
158807,1
158816,1
158818,1
158819,1
158821,1
158822,1
158827,1
158829,2
158836,1
158841,1
158848,1
158851,1
158853,1
158854,1
158856,1
158857,1
158859,1
158860,1
158861,1
158862,1
158868,1
158871,1
158873,1
158875,1
158876,1
158878,1
158880,3
158881,1
158883,1
158884,1
158885,1
158889,1
158891,2
158893,2
158896,1
158897,1
158898,1
158900,1
158904,2
158906,1
158907,1
158910,1
158911,1
158912,1
158915,2
158917,1
158919,1
158920,1
158923,1
158929,1
158930,1
158934,1
158939,1
158945,1
158946,1
158950,1
158952,2
158953,2
158954,1
158955,1
158956,1
158957,1
158968,1
158969,2
158972,1
158975,1
158979,1
158981,2
158987,1
158988,2
158989,2
158990,1
158991,3
158992,1
158993,1
158995,2
158996,1
158997,1
159003,2
159004,2
159005,1
159006,1
159007,1
159009,2
159010,1
159011,1
159021,1
159022,1
159024,1
159029,1
159031,1
159032,1
159036,1
159053,1
159056,1
159061,1
159067,1
159070,1
159079,1
159082,1
159083,1
159087,3
159089,1
159093,1
159095,1
159099,1
159104,1
159105,3
159107,1
159111,1
159114,1
159115,1
159123,1
159124,2
159126,1
159130,2
159131,1
159132,2
159134,1
159135,2
159137,2
159140,3
159142,1
159143,1
159145,1
159147,1
159148,1
159151,1
159152,3
159155,1
159158,1
159159,1
159160,1
159161,1
159167,2
159169,1
159176,3
159177,1
159178,2
159179,4
159180,1
159183,1
159185,2
159190,2
159192,1
159193,1
159195,2
159196,1
159197,1
159205,1
159206,2
159207,1
159208,2
159210,2
159211,1
159212,1
159216,2
159217,1
159219,2
159220,1
159221,2
159224,1
159227,1
159228,1
159231,1
159234,1
159236,2
159237,2
159245,2
159246,1
159248,1
159249,2
159250,2
159254,1
159257,1
159258,1
159260,1
159261,1
159263,1
159264,1
159265,1
159269,2
159274,1
159279,1
159281,1
159284,1
159285,1
159291,1
159300,2
159301,2
159304,1
159306,2
159307,2
159311,1
159315,1
159318,2
159320,3
159321,1
159326,1
159328,2
159332,2
159333,4
159334,1
159335,1
159336,2
159339,2
159348,1
159349,1
159351,1
159352,1
159353,1
159355,1
159357,1
159362,1
159365,1
159366,1
159371,1
159372,1
159373,1
159375,2
159377,1
159380,1
159383,1
159385,2
159389,1
159390,1
159397,1
159398,1
159399,1
159400,1
159409,2
159410,2
159411,1
159412,1
159413,1
159416,1
159419,2
159424,1
159425,1
159426,1
159429,1
159430,2
159431,2
159436,1
159437,1
159438,1
159441,3
159442,1
159445,1
159448,2
159449,1
159450,2
159451,1
159453,1
159456,2
159457,3
159458,2
159463,1
159464,1
159469,1
159476,2
159477,1
159483,1
159484,1
159487,1
159488,1
159490,1
159492,1
159495,2
159496,2
159498,1
159499,1
159506,1
159509,3
159512,1
159515,1
159516,1
159517,1
159520,1
159524,1
159526,1
159527,1
159528,2
159531,1
159533,2
159540,2
159545,1
159547,3
159548,1
159550,1
159551,2
159553,5
159556,1
159557,1
159559,2
159560,1
159564,1
159567,1
159568,1
159575,2
159577,1
159578,1
159579,1
159580,1
159583,1
159585,2
159587,1
159588,1
159589,1
159590,1
159599,1
159600,2
159605,1
159607,1
159608,1
159610,1
159614,1
159617,1
159618,1
159619,1
159629,1
159631,1
159632,1
159637,1
159638,1
159639,1
159640,2
159642,2
159645,1
159648,2
159649,1
159650,1
159651,1
159657,1
159658,3
159659,2
159660,1
159661,1
159662,1
159663,1
159664,1
159665,2
159667,2
159671,1
159673,2
159676,1
159680,1
159682,1
159683,1
159685,1
159686,1
159688,1
159690,1
159694,1
159696,3
159698,1
159699,1
159700,2
159703,2
159705,1
159706,1
159707,1
159708,2
159715,1
159719,1
159723,2
159724,3
159730,1
159732,1
159733,1
159736,1
159737,1
159740,1
159742,2
159745,1
159746,1
159757,1
159759,1
159760,1
159767,1
159768,1
159769,2
159771,1
159772,1
159780,1
159781,1
159786,2
159791,1
159792,1
159795,1
159799,1
159800,1
159802,1
159804,1
159805,1
159808,1
159811,1
159820,1
159822,1
159824,1
159825,1
159829,1
159832,2
159838,1
159844,1
159845,1
159847,2
159852,1
159855,1
159859,1
159862,1
159863,1
159866,1
159873,1
159878,2
159879,1
159881,1
159887,1
159892,1
159898,1
159900,1
159903,5
159906,2
159907,2
159911,1
159913,1
159915,1
159916,1
159917,1
159918,1
159920,2
159923,1
159925,1
159926,2
159931,1
159933,1
159934,2
159936,1
159941,2
159942,1
159945,2
159946,1
159947,2
159948,3
159956,2
159957,1
159958,1
159962,1
159963,1
159968,1
159969,1
159971,1
159974,1
159975,1
159977,1
159978,1
159979,2
159981,2
159988,2
159993,1
159995,1
160000,1
160006,1
160009,1
160019,1
160025,2
160026,2
160027,2
160030,1
160031,1
160033,1
160039,1
160043,1
160044,1
160046,1
160047,1
160048,1
160053,1
160054,1
160055,1
160056,1
160057,1
160060,1
160061,1
160064,4
160066,1
160067,1
160069,1
160070,1
160075,1
160078,1
160079,1
160081,2
160085,2
160087,1
160091,1
160099,1
160100,1
160106,1
160109,1
160110,1
160113,1
160114,1
160120,1
160122,1
160125,1
160130,1
160132,1
160135,1
160138,1
160143,1
160144,2
160148,1
160151,1
160153,1
160155,1
160158,1
160159,2
160160,3
160161,2
160162,1
160169,1
160170,1
160171,1
160172,1
160175,2
160176,1
160182,1
160184,1
160186,1
160187,1
160188,1
160189,1
160190,2
160193,1
160199,1
160202,1
160203,1
160204,1
160210,1
160214,1
160216,1
160217,1
160218,1
160220,1
160223,1
160224,1
160225,2
160226,1
160227,1
160228,1
160231,1
160234,1
160235,1
160236,1
160237,1
160246,2
160247,1
160248,1
160256,1
160262,1
160274,1
160276,3
160283,1
160287,1
160288,1
160289,1
160291,1
160292,2
160303,1
160308,1
160314,2
160315,1
160319,2
160324,1
160325,1
160326,1
160331,1
160334,1
160339,2
160342,1
160343,1
160344,3
160345,1
160346,1
160352,1
160355,1
160359,1
160362,1
160363,1
160366,1
160368,1
160378,1
160379,1
160382,1
160383,1
160384,1
160385,1
160386,1
160392,1
160398,1
160400,1
160401,1
160403,2
160416,1
160420,1
160423,1
160424,1
160425,1
160426,2
160428,1
160429,3
160431,1
160433,1
160437,1
160441,1
160445,1
160448,1
160451,1
160454,1
160455,1
160456,3
160462,1
160467,1
160469,1
160473,1
160475,1
160476,1
160482,1
160483,2
160484,2
160485,1
160491,1
160494,1
160499,1
160500,1
160502,2
160507,2
160508,1
160509,1
160511,1
160512,2
160522,1
160527,1
160528,2
160529,1
160532,1
160540,1
160541,1
160542,1
160545,1
160552,1
160554,1
160557,1
160561,1
160565,1
160566,1
160568,1
160569,2
160574,1
160578,2
160581,2
160584,1
160585,1
160590,2
160596,1
160599,1
160603,1
160604,2
160608,1
160613,1
160614,1
160617,1
160618,2
160619,1
160622,3
160624,1
160625,2
160626,2
160629,1
160630,1
160631,1
160633,1
160634,1
160635,1
160636,1
160639,1
160646,1
160648,1
160652,2
160654,1
160661,1
160663,1
160666,1
160667,1
160675,1
160682,2
160684,1
160685,1
160686,1
160690,1
160691,1
160694,1
160695,1
160697,1
160699,1
160700,2
160702,2
160703,1
160705,1
160712,1
160722,2
160731,1
160735,1
160736,1
160739,1
160740,1
160742,1
160748,1
160749,1
160751,1
160752,1
160756,2
160757,2
160765,1
160766,2
160767,1
160774,1
160776,1
160778,2
160779,1
160782,2
160783,1
160787,1
160789,1
160790,1
160791,1
160803,1
160804,1
160805,2
160808,1
160809,2
160811,1
160814,1
160817,1
160818,2
160821,1
160822,1
160823,1
160824,1
160827,2
160830,1
160832,2
160835,1
160838,2
160846,1
160847,1
160849,1
160850,1
160855,1
160857,1
160858,1
160860,1
160861,1
160862,2
160865,1
160868,1
160874,1
160877,1
160878,1
160880,2
160881,1
160882,1
160888,1
160890,2
160891,1
160895,1
160896,2
160897,1
160901,1
160906,2
160907,1
160909,2
160910,1
160911,2
160912,2
160925,1
160926,1
160930,1
160931,2
160932,1
160933,2
160934,4
160936,1
160937,1
160940,1
160943,1
160949,1
160953,1
160960,3
160962,1
160964,2
160967,1
160970,1
160975,1
160979,1
160980,1
160986,1
160989,1
160990,1
160995,1
160996,2
160997,1
160999,1
161002,1
161003,1
161004,1
161011,1
161013,1
161016,1
161020,1
161021,1
161022,1
161028,2
161030,1
161032,1
161035,2
161036,2
161046,1
161047,1
161053,1
161054,1
161055,1
161056,2
161058,1
161062,1
161068,1
161075,1
161076,1
161078,2
161079,1
161084,1
161085,1
161095,1
161096,1
161097,1
161107,1
161109,3
161113,1
161118,1
161120,1
161122,1
161124,1
161127,2
161128,1
161129,1
161131,1
161134,1
161145,1
161146,1
161155,1
161162,2
161167,1
161169,3
161175,1
161182,1
161183,1
161187,1
161193,1
161194,1
161196,1
161199,2
161204,1
161208,1
161209,1
161213,1
161219,1
161224,1
161225,1
161227,1
161230,2
161232,1
161236,3
161239,1
161246,1
161251,1
161252,2
161254,1
161264,1
161269,1
161274,1
161277,1
161279,1
161291,3
161292,1
161293,2
161296,2
161299,1
161300,1
161306,3
161310,1
161311,1
161315,1
161317,1
161318,1
161323,1
161326,1
161329,2
161332,1
161335,2
161338,1
161340,1
161345,1
161346,1
161349,1
161350,2
161351,1
161352,1
161354,1
161358,1
161365,1
161371,1
161372,2
161380,1
161384,1
161385,1
161386,1
161391,1
161392,1
161394,1
161396,3
161402,1
161403,1
161407,1
161409,1
161410,1
161420,1
161421,1
161424,2
161425,1
161432,1
161433,1
161436,1
161437,1
161440,1
161442,1
161443,1
161445,1
161448,1
161452,3
161454,2
161457,1
161461,1
161462,1
161464,1
161467,1
161469,1
161472,1
161474,1
161476,2
161477,2
161483,1
161484,1
161487,1
161489,1
161493,1
161495,1
161496,2
161497,1
161498,1
161499,1
161500,1
161507,1
161509,1
161511,1
161514,2
161515,1
161518,2
161519,1
161521,1
161522,1
161528,1
161532,2
161533,1
161534,1
161535,1
161536,1
161537,1
161538,2
161541,1
161542,2
161546,1
161548,1
161556,2
161557,1
161561,1
161562,1
161565,1
161567,1
161570,1
161572,1
161575,1
161576,1
161580,1
161581,1
161582,1
161586,1
161587,1
161589,1
161595,2
161602,1
161603,1
161604,3
161612,1
161614,1
161620,1
161622,1
161623,1
161632,2
161634,2
161635,2
161640,1
161645,1
161647,1
161649,1
161650,2
161652,1
161653,3
161654,1
161660,1
161663,1
161665,1
161674,1
161675,3
161676,1
161679,1
161681,1
161685,1
161688,1
161695,1
161701,2
161702,1
161705,2
161710,1
161711,1
161712,1
161713,1
161714,1
161715,1
161716,3
161719,1
161722,1
161725,1
161726,1
161727,2
161729,2
161730,1
161731,2
161734,1
161736,1
161744,1
161749,1
161753,1
161754,1
161755,1
161758,1
161762,1
161768,1
161770,1
161774,1
161777,1
161780,1
161785,1
161794,1
161795,1
161796,1
161800,1
161801,3
161807,1
161812,1
161813,2
161814,1
161819,1
161825,1
161827,1
161828,3
161832,2
161833,2
161834,1
161837,1
161844,1
161847,1
161852,1
161863,1
161864,1
161868,1
161877,1
161880,1
161881,1
161882,1
161886,1
161888,1
161893,1
161894,1
161898,1
161899,1
161904,3
161906,1
161910,2
161913,1
161914,1
161915,1
161919,1
161920,1
161922,2
161926,1
161929,1
161932,1
161935,2
161937,1
161948,1
161952,1
161953,2
161954,1
161957,1
161959,1
161962,1
161963,1
161965,1
161966,1
161967,2
161968,2
161970,1
161980,2
161984,1
161985,2
161986,2
161987,1
161992,2
161993,1
161994,3
161998,1
161999,1
162003,2
162004,1
162006,1
162009,1
162011,1
162014,1
162016,1
162018,1
162019,1
162021,1
162023,2
162026,1
162027,2
162028,1
162032,1
162035,1
162037,1
162041,1
162042,2
162045,1
162046,1
162049,1
162052,2
162053,1
162054,1
162058,1
162064,1
162065,1
162069,1
162074,1
162080,1
162087,1
162088,2
162091,1
162094,2
162096,1
162103,1
162108,1
162110,1
162112,2
162118,2
162119,1
162121,1
162122,1
162123,1
162125,1
162128,1
162130,1
162135,1
162155,1
162156,1
162158,1
162159,2
162171,2
162173,1
162177,1
162180,1
162189,1
162190,1
162193,1
162199,1
162200,1
162209,1
162210,2
162213,1
162214,1
162217,1
162218,1
162221,1
162224,1
162226,2
162227,2
162228,1
162229,1
162231,1
162234,1
162237,1
162238,1
162244,1
162248,1
162256,1
162258,1
162261,2
162266,1
162268,1
162269,2
162271,1
162272,1
162275,1
162276,1
162280,1
162283,1
162284,1
162285,1
162287,1
162290,1
162291,1
162292,1
162298,1
162305,2
162307,1
162309,1
162314,1
162317,1
162319,1
162320,1
162321,1
162338,1
162346,2
162347,1
162348,1
162362,1
162366,1
162368,1
162373,1
162375,1
162376,2
162384,1
162389,1
162391,1
162393,1
162397,2
162398,2
162400,1
162411,2
162412,2
162416,1
162418,1
162421,1
162423,1
162424,1
162425,1
162428,1
162432,1
162434,1
162443,1
162445,1
162452,1
162453,1
162455,1
162458,1
162463,2
162464,2
162466,1
162469,1
162471,1
162475,1
162478,1
162479,1
162481,2
162482,1
162485,2
162487,1
162497,1
162498,1
162501,1
162503,1
162507,2
162509,1
162521,1
162523,1
162526,1
162527,1
162528,1
162530,1
162533,1
162534,1
162536,1
162539,1
162540,1
162541,1
162542,2
162543,1
162553,1
162554,1
162555,1
162560,1
162565,1
162568,1
162570,1
162572,2
162581,1
162583,1
162584,2
162587,1
162588,1
162594,1
162596,2
162598,1
162607,1
162610,1
162611,1
162621,1
162623,1
162624,1
162626,1
162627,3
162634,2
162635,3
162649,1
162652,2
162658,3
162662,1
162665,1
162668,1
162670,1
162671,1
162673,2
162674,1
162677,2
162678,3
162679,2
162683,1
162690,1
162697,1
162703,1
162713,1
162721,1
162722,1
162728,2
162729,1
162732,1
162739,1
162740,1
162744,1
162747,1
162752,1
162762,1
162768,1
162770,1
162777,1
162779,2
162781,1
162783,1
162787,2
162791,1
162792,1
162796,1
162797,1
162807,1
162810,1
162812,1
162820,1
162830,1
162832,1
162835,1
162840,2
162845,1
162857,1
162860,1
162862,1
162866,2
162867,1
162870,1
162875,1
162885,1
162888,1
162892,1
162894,1
162895,1
162908,1
162912,1
162913,1
162916,1
162919,1
162922,2
162925,1
162926,1
162929,1
162931,1
162935,2
162940,1
162944,2
162947,1
162949,1
162953,1
162956,1
162958,1
162963,1
162964,1
162967,1
162968,1
162970,1
162973,1
162975,1
162978,1
162986,1
162989,1
162996,1
163008,1
163010,3
163015,1
163021,1
163031,1
163032,1
163033,1
163035,1
163036,2
163038,1
163039,1
163041,2
163043,1
163044,1
163045,1
163052,1
163053,2
163061,1
163063,1
163068,1
163071,1
163072,1
163073,1
163074,2
163075,2
163077,1
163081,1
163082,1
163087,2
163090,1
163094,2
163097,1
163098,1
163104,1
163107,2
163120,2
163121,1
163130,1
163134,1
163136,2
163138,1
163143,2
163148,1
163152,1
163158,1
163159,1
163163,1
163172,1
163173,1
163180,1
163186,1
163187,2
163193,2
163197,1
163200,1
163203,1
163205,2
163211,1
163217,1
163222,2
163227,1
163229,1
163231,3
163237,3
163243,1
163249,1
163254,1
163260,1
163262,1
163263,1
163270,1
163277,1
163278,1
163279,2
163281,1
163283,1
163306,1
163309,1
163320,2
163323,2
163324,1
163326,1
163327,1
163328,1
163331,1
163333,1
163334,1
163335,1
163336,1
163340,2
163347,2
163358,1
163360,1
163361,1
163366,1
163376,2
163379,1
163382,1
163383,1
163384,1
163388,1
163390,1
163396,1
163398,1
163408,2
163409,1
163423,1
163425,1
163432,1
163433,1
163437,1
163438,1
163439,1
163445,1
163457,1
163467,1
163470,1
163471,1
163473,1
163483,2
163505,1
163506,1
163512,1
163514,1
163516,1
163518,2
163523,2
163527,1
163529,1
163530,2
163534,1
163536,1
163538,2
163550,2
163557,1
163558,1
163559,1
163563,1
163569,1
163574,1
163580,1
163582,1
163594,1
163597,1
163604,1
163605,1
163606,1
163608,1
163612,1
163614,1
163617,1
163619,1
163629,1
163632,2
163635,3
163646,1
163648,1
163649,1
163651,1
163652,2
163653,1
163654,1
163658,1
163665,1
163666,1
163670,1
163676,1
163678,1
163680,2
163682,1
163684,1
163691,1
163694,1
163702,1
163707,1
163708,1
163710,2
163713,1
163715,1
163716,1
163718,1
163721,1
163729,1
163732,1
163736,1
163744,2
163754,1
163757,1
163771,1
163773,1
163779,1
163796,1
163808,1
163809,1
163811,1
163813,2
163817,1
163818,1
163824,1
163828,1
163834,1
163839,1
163845,2
163850,1
163851,1
163858,1
163859,1
163864,1
163867,2
163868,1
163869,1
163871,1
163877,1
163878,1
163882,1
163885,1
163888,1
163894,1
163898,1
163899,1
163902,1
163903,1
163905,1
163908,1
163921,1
163924,1
163929,1
163932,1
163933,1
163935,1
163938,1
163941,2
163947,1
163949,1
163952,3
163962,2
163965,1
163966,3
163967,1
163972,2
163976,1
163977,1
163980,1
163981,1
163984,1
163987,1
163995,1
164000,2
164004,1
164017,1
164018,1
164020,1
164025,1
164028,1
164030,1
164033,1
164048,1
164057,1
164058,1
164061,1
164068,1
164071,1
164075,1
164080,1
164085,1
164087,1
164093,1
164095,2
164096,1
164098,1
164103,1
164105,1
164115,1
164116,1
164128,1
164131,1
164132,2
164133,1
164139,1
164140,1
164145,1
164146,1
164150,1
164154,1
164157,1
164165,2
164172,1
164179,1
164182,1
164186,1
164194,1
164195,1
164197,1
164198,1
164201,1
164203,1
164207,1
164208,2
164210,2
164215,1
164216,1
164219,1
164225,2
164229,1
164235,1
164237,2
164245,2
164247,1
164264,1
164267,1
164271,1
164274,1
164277,1
164278,1
164280,1
164283,1
164295,1
164298,1
164308,1
164309,1
164310,1
164316,1
164319,1
164332,1
164336,1
164341,1
164344,1
164354,1
164356,1
164358,1
164359,2
164360,1
164362,1
164365,1
164366,1
164370,1
164371,1
164374,1
164379,2
164380,1
164381,1
164393,1
164397,1
164403,1
164404,1
164409,1
164415,2
164422,1
164424,1
164425,1
164426,3
164434,1
164440,1
164443,1
164454,1
164459,1
164461,1
164462,1
164465,1
164475,1
164483,1
164486,1
164496,1
164497,1
164498,1
164507,1
164516,1
164518,2
164521,1
164525,1
164529,1
164530,1
164535,1
164536,1
164539,1
164541,1
164546,1
164550,1
164553,2
164556,1
164563,1
164568,1
164570,1
164571,1
164572,1
164575,1
164577,1
164579,1
164580,1
164581,1
164584,1
164589,1
164591,2
164592,1
164597,1
164603,1
164606,2
164613,1
164614,1
164619,1
164628,2
164631,1
164637,1
164641,1
164642,1
164643,1
164644,1
164646,1
164648,1
164653,1
164657,1
164661,1
164662,1
164663,1
164671,1
164675,1
164678,1
164682,1
164686,1
164693,1
164694,1
164698,1
164707,1
164709,1
164713,1
164714,1
164721,1
164733,1
164737,1
164744,1
164748,1
164752,1
164764,1
164766,1
164767,1
164769,1
164777,1
164778,2
164779,1
164780,1
164786,1
164789,1
164795,1
164806,1
164809,1
164810,1
164813,1
164820,1
164835,1
164837,1
164838,1
164843,1
164844,1
164845,1
164847,1
164848,1
164852,1
164857,1
164859,2
164861,1
164863,1
164864,1
164871,1
164872,1
164879,1
164883,1
164884,1
164890,1
164891,2
164892,2
164898,1
164902,1
164903,1
164904,1
164905,1
164907,1
164910,1
164913,1
164915,1
164919,1
164923,1
164931,1
164932,1
164935,1
164941,1
164943,1
164945,1
164949,1
164951,1
164952,1
164963,1
164965,1
164968,1
164975,1
164977,1
164981,1
164982,1
164984,1
164986,2
164988,1
164993,1
165006,2
165008,1
165010,1
165022,1
165024,2
165027,1
165028,1
165030,1
165034,2
165038,2
165041,1
165047,1
165053,1
165057,1
165059,1
165066,1
165072,1
165077,1
165083,2
165086,2
165091,1
165096,1
165100,1
165102,1
165104,2
165106,1
165114,1
165116,1
165120,1
165124,1
165132,2
165135,2
165139,1
165141,1
165143,1
165155,1
165160,1
165162,1
165166,1
165168,2
165177,1
165180,1
165184,2
165185,1
165187,1
165189,1
165212,1
165223,1
165224,1
165225,1
165229,2
165237,1
165241,2
165250,1
165255,2
165257,1
165259,1
165260,1
165264,1
165265,1
165266,1
165274,1
165276,1
165281,1
165285,1
165315,3
165322,1
165323,1
165329,1
165330,2
165333,1
165334,1
165339,2
165341,1
165347,1
165349,1
165354,1
165355,1
165356,1
165359,1
165360,1
165365,2
165366,1
165370,1
165379,2
165380,2
165382,1
165385,1
165392,2
165395,1
165398,2
165400,1
165403,1
165404,1
165407,1
165408,1
165411,1
165413,1
165414,2
165418,1
165420,1
165421,1
165429,1
165430,3
165431,1
165434,1
165435,1
165440,1
165443,1
165446,1
165452,1
165453,1
165456,1
165463,1
165469,1
165471,1
165480,2
165485,1
165488,1
165492,1
165493,2
165497,1
165501,1
165502,1
165511,1
165518,2
165521,1
165527,1
165528,1
165532,1
165536,1
165559,1
165565,2
165571,1
165581,1
165582,2
165583,2
165586,2
165587,1
165591,1
165600,1
165603,1
165615,1
165621,1
165624,1
165627,1
165630,1
165634,1
165647,1
165648,2
165657,1
165663,1
165671,2
165675,1
165685,1
165687,1
165695,1
165696,1
165697,1
165718,1
165723,1
165724,1
165726,2
165727,1
165742,1
165749,2
165750,2
165754,1
165755,1
165759,1
165770,1
165771,1
165777,1
165780,2
165781,1
165794,1
165798,1
165800,1
165801,1
165802,1
165804,1
165812,2
165820,1
165830,1
165832,2
165842,1
165843,1
165845,1
165846,1
165851,1
165854,1
165856,1
165859,1
165865,1
165868,1
165875,1
165880,1
165885,1
165886,1
165889,1
165896,1
165898,1
165900,1
165918,1
165919,1
165924,1
165927,1
165929,1
165930,1
165934,1
165947,1
165949,1
165951,1
165972,1
165975,2
165982,1
166002,1
166003,1
166007,1
166010,1
166012,1
166016,1
166022,1
166030,1
166033,1
166043,2
166055,1
166056,1
166061,1
166062,2
166068,1
166070,1
166075,1
166081,1
166082,1
166083,1
166084,1
166085,1
166086,1
166091,1
166092,1
166093,1
166100,1
166102,1
166112,1
166113,1
166122,1
166137,1
166149,1
166150,1
166151,2
166154,1
166155,1
166156,1
166160,1
166166,1
166167,2
166168,1
166169,1
166176,1
166181,1
166182,2
166183,1
166204,1
166205,1
166207,1
166208,1
166215,1
166218,1
166221,1
166223,1
166225,1
166226,1
166235,3
166243,1
166261,3
166273,1
166277,1
166286,1
166296,1
166300,1
166304,1
166306,3
166307,1
166326,2
166327,2
166332,1
166338,1
166347,1
166351,1
166358,1
166359,1
166366,1
166368,1
166369,2
166378,1
166380,1
166389,1
166390,1
166392,2
166394,1
166401,1
166408,2
166410,1
166413,1
166414,1
166420,1
166425,1
166432,1
166435,1
166437,1
166438,1
166442,1
166443,1
166454,1
166462,1
166470,1
166471,1
166473,1
166476,2
166483,1
166495,1
166497,1
166507,1
166508,1
166513,1
166515,1
166517,1
166518,1
166523,1
166525,1
166528,1
166529,1
166530,1
166542,1
166544,1
166550,1
166555,2
166567,1
166575,2
166579,2
166580,1
166595,1
166597,1
166599,1
166637,1
166640,1
166646,2
166649,1
166658,1
166660,1
166669,2
166670,1
166672,1
166675,1
166681,1
166682,1
166683,1
166684,1
166690,1
166697,1
166709,1
166721,2
166726,1
166729,2
166733,1
166736,1
166740,1
166741,1
166747,1
166770,1
166772,1
166773,1
166777,1
166781,1
166805,2
166809,1
166811,1
166815,1
166816,1
166820,1
166821,1
166827,1
166829,1
166838,1
166839,1
166842,1
166844,1
166845,1
166852,1
166853,1
166859,1
166865,1
166870,1
166871,1
166872,1
166873,3
166874,2
166875,1
166878,1
166890,1
166891,1
166895,1
166898,1
166902,1
166903,1
166920,1
166924,1
166926,4
166940,1
166944,1
166945,1
166946,1
166954,1
166955,1
166959,1
166960,1
166962,1
166964,1
166968,1
166970,1
166974,1
166976,1
166981,1
166983,1
166984,1
166987,1
166991,1
166992,1
166996,1
167008,1
167011,2
167019,2
167021,1
167024,1
167026,1
167027,1
167028,2
167036,1
167038,1
167050,1
167053,1
167054,1
167057,1
167058,1
167061,2
167069,1
167070,1
167071,1
167073,1
167077,1
167081,1
167088,1
167089,1
167094,1
167110,2
167114,1
167126,2
167129,2
167130,1
167132,1
167139,1
167141,1
167142,1
167144,1
167153,1
167154,2
167157,1
167166,1
167171,1
167173,1
167182,1
167184,1
167188,1
167198,1
167200,1
167203,1
167206,1
167210,1
167214,1
167226,1
167231,1
167240,1
167242,1
167244,2
167248,1
167253,1
167260,1
167270,1
167276,1
167277,1
167280,1
167282,1
167301,1
167302,1
167306,1
167307,1
167313,1
167314,1
167316,1
167317,1
167325,1
167332,1
167335,1
167342,1
167355,1
167357,1
167364,1
167368,1
167378,1
167380,1
167388,2
167402,1
167427,2
167428,1
167430,1
167433,1
167437,3
167440,1
167443,2
167445,1
167449,1
167454,1
167469,1
167472,1
167493,1
167502,1
167506,1
167511,3
167525,1
167532,1
167533,1
167534,2
167538,1
167540,2
167543,1
167544,1
167545,1
167556,1
167561,1
167563,2
167567,1
167569,1
167586,1
167595,1
167600,1
167612,1
167616,1
167618,1
167622,1
167623,1
167627,1
167632,2
167636,1
167637,1
167644,1
167646,1
167647,1
167649,1
167659,1
167667,1
167669,2
167670,1
167671,1
167677,2
167678,1
167688,1
167690,1
167699,2
167700,1
167715,1
167728,1
167737,1
167739,1
167744,1
167751,1
167755,1
167760,1
167763,1
167766,1
167771,1
167780,1
167802,1
167830,1
167844,1
167845,2
167855,1
167863,1
167878,1
167880,1
167890,1
167896,1
167897,1
167900,1
167916,1
167920,1
167923,1
167935,1
167936,1
167937,1
167949,1
167952,1
167958,1
167976,1
167992,1
167997,1
168004,1
168005,1
168020,1
168021,2
168028,1
168036,1
168040,1
168042,1
168046,1
168048,1
168049,1
168059,1
168067,1
168071,1
168076,1
168085,1
168093,1
168094,1
168108,1
168110,1
168119,1
168128,1
168154,1
168165,1
168170,2
168181,2
168182,1
168185,1
168186,1
168197,1
168211,1
168213,1
168217,1
168228,1
168230,1
168261,1
168265,1
168279,1
168285,1
168293,1
168295,1
168301,1
168305,1
168333,1
168338,1
168345,1
168348,1
168351,1
168356,1
168367,1
168372,2
168379,1
168390,1
168429,1
168432,2
168449,1
168462,1
168467,2
168468,1
168480,1
168488,1
168494,1
168514,1
168520,1
168521,1
168535,1
168542,2
168544,1
168557,1
168566,1
168588,1
168593,1
168595,1
168598,1
168603,2
168611,1
168626,1
168628,1
168648,1
168650,1
168659,1
168681,1
168685,1
168687,1
168699,1
168700,1
168702,1
168705,1
168709,1
168741,1
168752,1
168757,1
168763,1
168779,1
168780,1
168795,1
168801,1
168803,1
168816,1
168824,1
168847,1
168856,1
168863,1
168881,1
168888,1
168896,1
168910,1
168911,1
168921,1
168928,1
168946,1
168957,1
168962,1
168993,1
169005,1
169020,1
169023,1
169024,1
169040,1
169049,1
169062,1
169064,1
169070,2
169072,1
169075,1
169082,1
169101,1
169103,1
169109,1
169111,1
169115,1
169147,1
169149,1
169164,1
169171,1
169189,1
169198,1
169199,1
169211,1
169216,2
169218,1
169226,1
169236,1
169239,1
169252,1
169256,2
169262,1
169267,1
169316,2
169325,1
169340,2
169350,1
169352,1
169384,1
169393,1
169414,1
169418,1
169420,1
169435,1
169448,1
169450,2
169451,1
169465,1
169468,1
169511,1
169513,1
169527,1
169544,1
169573,1
169586,1
169604,1
169609,1
169622,1
169649,1
169676,1
169685,1
169690,1
169698,1
169716,1
169740,1
169770,1
169788,1
169795,1
169809,1
169811,1
169821,1
169842,1
169853,1
169859,1
169878,1
169907,1
169909,1
169928,1
169929,1
169932,1
169943,1
169945,1
169959,1
169964,1
169984,1
170046,1
170048,1
170072,1
170102,1
170105,1
170123,1
170124,1
170144,1
170177,1
170191,1
170245,1
170246,1
170247,1
170250,1
170258,1
170272,1
170275,1
170326,1
170350,2
170359,1
170363,1
170378,1
170404,1
170407,1
170412,1
170445,1
170451,1
170518,1
170527,1
170538,2
170551,1
170585,1
170732,2
170771,1
170799,1
170828,1
170862,1
170898,1
171027,1
171028,1
171033,1
171035,1
171282,1
171290,1
171348,1
171398,1
171441,1
171550,2
171618,1
171630,1
171720,1
171782,1
171857,1
171929,1
171931,1
172048,1
172371,1
172584,1
172722,1
172983,1
173093,1
173212,1
173240,1
173703,1
198298,1
199583,1
201017,1
206496,1
210093,1
222329,1
234545,1
