51992,1
52711,1
52798,1
53201,1
53539,1
53606,1
53640,1
54000,1
54411,1
54577,1
54808,1
55222,1
55226,1
55619,1
56421,1
57227,1
59192,1
60000,1
60808,1
61617,1
62428,1
63247,1
64052,1
64863,1
65002,1
65669,1
66477,1
67280,1
68084,1
68882,1
68896,1
69700,1
70504,1
71320,1
72121,1
72928,1
73737,1
77623,1
78432,1
79229,1
80036,1
80852,1
81082,1
81667,1
81889,1
82712,1
83525,1
83997,1
84330,1
84723,1
84804,1
85615,1
86419,1
87220,1
87918,1
88036,1
88721,1
88834,1
89533,1
89652,1
89922,1
90455,1
90737,1
91265,1
91550,1
92061,1
92355,1
92882,1
92886,1
93171,1
93694,1
93970,1
94491,1
94784,1
95301,1
95588,1
96107,1
96917,1
97733,1
97948,1
98527,1
98754,1
99331,1
99588,1
100393,1
101138,1
101190,1
101946,1
102006,1
102756,1
102813,1
103563,1
103608,1
104366,1
104422,1
105177,1
105241,1
105966,1
106777,1
107365,1
107818,1
108173,1
108742,1
108987,1
109540,1
109789,1
110353,1
110606,1
111163,1
111402,1
111966,1
112207,1
112293,1
112771,1
113601,1
114183,1
114250,1
114394,1
114985,1
115051,1
115201,1
115600,1
115797,1
115859,1
116006,1
116043,1
116061,1
116607,1
116659,1
116818,1
116848,1
116868,1
116975,1
117414,1
117469,1
117597,1
117632,1
117676,1
118042,1
118155,1
118210,1
118275,1
118414,1
118436,1
118485,1
118565,1
118761,1
118968,1
119024,1
119077,1
119083,1
119234,1
119246,1
119290,1
119364,1
119568,1
119592,1
119844,1
119860,1
119879,1
119889,1
119997,1
120036,1
120056,1
120093,1
120177,1
120265,1
120296,1
120370,1
120399,1
120599,1
120643,1
120667,1
120680,1
120711,1
120848,1
120863,1
120940,1
120980,1
121033,1
121080,1
121104,1
121110,1
121174,1
121199,1
121243,1
121445,1
121469,1
121495,1
121500,2
121557,1
121665,1
121750,1
121787,1
121824,1
121884,1
121921,1
121978,1
122011,1
122046,1
122196,1
122249,1
122266,1
122304,1
122308,1
122374,1
122398,1
122409,1
122432,1
122438,1
122468,1
122572,1
122585,1
122598,1
122644,1
122682,1
122688,1
122714,1
122791,1
122806,1
122813,1
122854,1
122869,1
123004,1
123066,1
123086,1
123105,1
123180,1
123185,1
123220,1
123221,1
123242,1
123247,1
123276,1
123372,1
123383,1
123388,1
123403,1
123404,2
123433,1
123442,1
123452,1
123466,1
123467,1
123484,1
123488,1
123494,1
123503,1
123504,1
123512,1
123525,1
123535,1
123536,1
123557,1
123558,1
123586,1
123617,1
123619,1
123626,1
123645,1
123657,1
123659,1
123674,1
123680,1
123689,1
123706,1
123712,1
123729,1
123772,1
123808,1
123809,1
123843,1
123874,1
123886,1
123894,1
123906,1
123952,1
123958,1
123991,1
124000,1
124009,1
124022,1
124024,1
124044,1
124058,1
124061,1
124081,1
124116,1
124121,1
124185,1
124187,1
124191,1
124196,1
124204,2
124209,2
124236,1
124249,1
124260,1
124268,1
124271,1
124276,1
124287,1
124291,2
124297,1
124302,1
124310,1
124311,1
124320,1
124324,1
124325,1
124353,1
124360,1
124364,1
124374,1
124406,1
124424,1
124437,1
124440,1
124451,1
124464,1
124472,1
124477,1
124482,1
124486,1
124500,1
124503,1
124513,1
124520,2
124523,1
124527,1
124532,1
124541,1
124561,1
124571,1
124575,1
124588,1
124598,1
124602,1
124606,2
124607,1
124616,1
124620,1
124635,1
124643,1
124651,1
124658,1
124660,2
124664,1
124672,1
124681,1
124688,1
124693,1
124695,2
124696,1
124698,1
124710,1
124727,1
124749,1
124756,1
124757,1
124760,1
124761,1
124767,1
124785,1
124789,1
124802,1
124806,1
124810,1
124813,1
124826,2
124827,2
124829,1
124830,1
124846,1
124849,1
124855,2
124861,1
124862,1
124874,1
124877,1
124879,1
124881,2
124886,1
124895,1
124907,1
124915,1
124916,1
124921,1
124931,3
124932,1
124954,1
124958,1
124959,1
124961,1
124972,1
124976,1
124986,1
124990,1
124995,1
124997,1
125002,1
125005,1
125010,2
125011,1
125015,2
125017,1
125019,1
125021,1
125022,1
125027,1
125028,1
125033,1
125047,1
125049,1
125052,1
125053,1
125065,1
125067,1
125069,1
125075,1
125078,2
125079,1
125081,1
125083,2
125087,3
125088,1
125089,1
125096,1
125097,1
125103,1
125106,1
125108,1
125113,1
125114,1
125118,1
125121,1
125122,1
125125,2
125126,1
125137,1
125146,1
125148,1
125149,1
125161,1
125163,2
125164,1
125166,1
125176,1
125178,1
125180,1
125181,1
125195,2
125199,1
125203,1
125212,1
125215,1
125219,1
125221,1
125222,1
125223,1
125225,1
125229,1
125236,1
125237,1
125241,1
125242,2
125249,2
125253,1
125258,1
125265,1
125267,1
125268,1
125270,1
125276,1
125284,1
125286,1
125288,1
125289,2
125292,1
125296,1
125299,2
125307,1
125315,1
125316,1
125317,1
125322,1
125325,2
125329,1
125331,1
125334,2
125335,1
125341,2
125342,1
125344,1
125346,1
125351,1
125352,1
125356,1
125367,1
125368,1
125369,1
125371,1
125374,1
125377,1
125380,1
125382,1
125388,1
125389,2
125395,1
125397,1
125401,1
125402,1
125404,2
125405,1
125407,3
125408,1
125413,3
125418,1
125419,1
125420,1
125424,1
125426,1
125431,1
125435,1
125437,1
125438,1
125441,2
125446,1
125450,1
125451,1
125454,1
125455,1
125462,2
125470,2
125471,1
125472,1
125473,2
125479,1
125481,1
125488,1
125489,1
125490,1
125491,1
125494,2
125496,1
125498,1
125503,3
125505,1
125509,1
125511,1
125521,1
125523,1
125530,1
125534,1
125538,1
125541,1
125542,1
125543,1
125545,1
125548,1
125551,1
125559,1
125561,1
125563,2
125564,1
125565,1
125567,1
125571,2
125574,1
125575,1
125592,1
125597,1
125598,1
125603,1
125605,2
125611,1
125613,1
125615,1
125617,1
125623,1
125625,1
125628,1
125629,1
125630,2
125638,2
125644,1
125646,2
125647,1
125649,2
125652,1
125653,1
125656,1
125663,1
125664,1
125666,1
125667,2
125669,1
125671,1
125672,2
125676,1
125680,1
125681,1
125682,2
125684,2
125693,1
125695,1
125698,1
125699,1
125700,2
125701,1
125706,1
125711,2
125712,1
125714,1
125718,1
125723,1
125726,1
125728,2
125729,3
125733,2
125734,1
125741,1
125744,1
125746,1
125757,1
125759,1
125764,1
125768,1
125771,1
125781,1
125782,1
125787,1
125789,1
125790,1
125796,2
125797,1
125798,2
125799,1
125800,1
125808,1
125809,1
125810,1
125811,1
125812,2
125814,1
125817,2
125822,1
125823,1
125824,1
125825,1
125826,1
125827,1
125828,1
125829,1
125830,1
125833,1
125837,1
125838,1
125840,1
125844,1
125845,1
125858,1
125859,1
125860,2
125864,2
125865,1
125866,2
125869,1
125870,1
125872,2
125873,1
125874,1
125875,1
125877,1
125881,1
125883,3
125886,1
125887,1
125890,2
125891,2
125892,2
125893,1
125895,2
125899,2
125901,1
125902,1
125906,1
125907,2
125908,1
125910,1
125911,1
125912,1
125913,1
125914,4
125916,1
125917,1
125921,1
125923,1
125924,1
125927,1
125929,2
125931,2
125933,1
125934,1
125936,2
125937,1
125939,3
125940,1
125942,1
125950,1
125954,1
125958,3
125960,3
125961,1
125962,2
125963,1
125965,1
125969,1
125974,1
125975,1
125981,1
125982,2
125983,2
125985,2
125986,3
125988,1
125991,1
125992,1
125993,1
125995,1
125999,2
126002,2
126003,1
126005,1
126006,2
126011,1
126012,1
126014,1
126016,1
126017,1
126019,1
126023,1
126024,2
126026,2
126027,1
126032,1
126033,1
126034,1
126038,1
126041,1
126042,3
126043,1
126045,1
126047,1
126050,1
126051,1
126054,1
126057,1
126064,1
126066,2
126068,1
126070,2
126071,3
126073,1
126076,1
126077,1
126080,1
126081,1
126085,1
126089,1
126090,1
126091,1
126092,1
126093,1
126095,3
126097,2
126099,1
126100,2
126102,3
126104,2
126105,3
126107,1
126111,1
126112,2
126114,1
126116,1
126127,1
126130,4
126131,1
126132,1
126133,1
126137,2
126138,3
126139,3
126140,2
126141,2
126143,2
126144,2
126145,1
126146,3
126148,1
126151,1
126152,1
126154,1
126155,3
126156,1
126160,1
126161,3
126162,1
126164,2
126165,2
126166,1
126167,1
126170,1
126172,1
126173,1
126174,1
126176,1
126185,2
126186,1
126187,3
126191,1
126192,1
126193,1
126194,3
126199,2
126200,2
126201,1
126202,1
126204,1
126205,1
126206,1
126208,1
126209,2
126210,1
126211,1
126212,2
126213,2
126215,2
126217,3
126219,2
126220,1
126222,2
126223,4
126224,1
126225,2
126226,1
126230,1
126231,1
126232,3
126234,2
126235,2
126236,1
126242,2
126244,2
126247,2
126248,1
126249,2
126250,1
126252,2
126254,1
126255,2
126256,3
126263,2
126267,1
126269,1
126270,3
126272,1
126273,1
126276,1
126277,1
126278,1
126279,1
126280,2
126282,1
126283,2
126286,2
126288,2
126289,2
126290,1
126292,1
126293,2
126294,1
126295,2
126296,3
126297,3
126299,1
126300,1
126303,1
126304,2
126305,1
126306,3
126308,1
126310,2
126311,2
126314,2
126320,1
126324,1
126325,2
126329,1
126330,1
126331,2
126333,1
126335,1
126336,1
126337,1
126340,1
126342,1
126343,1
126344,1
126346,2
126347,1
126349,1
126350,1
126352,1
126355,1
126356,2
126358,1
126360,2
126362,2
126363,2
126364,3
126365,1
126367,3
126368,2
126369,2
126371,2
126372,1
126375,1
126376,3
126377,3
126378,2
126379,2
126380,2
126381,1
126383,1
126385,1
126386,1
126392,2
126393,1
126396,1
126398,3
126399,1
126400,2
126405,2
126406,1
126407,2
126410,1
126412,1
126415,1
126416,2
126417,2
126418,1
126419,1
126420,1
126422,1
126424,1
126427,1
126430,1
126432,1
126434,3
126435,1
126436,2
126437,2
126438,1
126439,1
126442,1
126443,1
126444,1
126445,1
126446,1
126447,1
126448,1
126453,2
126455,2
126456,1
126457,1
126460,2
126461,1
126462,2
126464,2
126467,1
126468,1
126469,2
126471,1
126474,1
126476,1
126477,2
126478,1
126479,1
126480,2
126484,2
126485,2
126487,1
126488,1
126489,2
126491,2
126492,1
126493,2
126495,1
126497,1
126498,2
126501,1
126503,1
126505,1
126506,1
126507,1
126509,2
126511,1
126515,2
126517,1
126518,1
126519,1
126520,1
126522,2
126524,1
126525,1
126527,1
126528,1
126529,1
126531,1
126533,1
126534,2
126537,1
126538,2
126539,5
126540,2
126542,1
126543,1
126544,1
126545,1
126547,1
126548,1
126549,1
126550,1
126551,1
126552,1
126554,2
126555,2
126557,1
126560,1
126561,2
126562,1
126563,1
126565,1
126567,1
126570,1
126571,2
126572,2
126574,1
126576,1
126577,1
126578,1
126581,1
126582,1
126583,1
126584,3
126586,2
126589,2
126590,1
126591,1
126592,1
126594,1
126595,1
126596,3
126598,3
126599,1
126600,1
126601,1
126605,1
126606,3
126607,1
126608,3
126609,1
126610,1
126611,1
126612,1
126614,3
126616,1
126617,2
126618,1
126619,1
126620,1
126621,1
126622,3
126623,1
126625,1
126626,2
126628,1
126629,4
126630,2
126631,3
126632,1
126633,2
126634,1
126635,2
126637,1
126638,1
126640,1
126641,1
126642,1
126643,1
126644,1
126645,3
126646,2
126647,1
126649,1
126650,2
126651,2
126652,2
126654,5
126658,1
126661,1
126662,2
126663,1
126664,1
126665,4
126666,2
126668,2
126669,1
126670,2
126671,1
126672,4
126673,1
126675,1
126677,1
126678,2
126680,2
126681,1
126682,1
126684,4
126685,2
126686,2
126687,1
126688,1
126689,2
126692,3
126694,3
126695,1
126696,2
126697,2
126698,3
126699,3
126701,3
126703,3
126704,1
126706,1
126707,2
126708,1
126709,2
126710,1
126711,2
126712,1
126714,1
126715,1
126716,1
126717,1
126718,4
126720,4
126721,2
126722,2
126723,1
126724,2
126725,4
126726,2
126728,4
126729,2
126730,2
126731,4
126732,1
126733,1
126734,1
126736,2
126737,2
126739,1
126741,4
126742,1
126745,1
126747,2
126748,2
126749,1
126750,3
126755,1
126757,1
126758,1
126759,2
126760,2
126762,2
126763,4
126764,2
126765,1
126767,3
126769,1
126772,3
126773,1
126774,1
126775,5
126777,3
126778,2
126779,1
126780,2
126781,3
126783,1
126784,4
126785,2
126786,1
126787,1
126789,1
126791,1
126792,4
126793,1
126794,2
126796,3
126797,3
126798,3
126799,1
126800,3
126801,3
126802,2
126804,1
126805,1
126806,2
126807,3
126808,4
126809,2
126810,2
126811,2
126812,2
126814,2
126815,2
126816,4
126818,2
126820,1
126821,2
126822,1
126823,4
126825,1
126827,1
126829,2
126830,2
126831,3
126832,1
126833,2
126835,1
126836,1
126837,1
126838,1
126839,3
126843,1
126844,1
126845,2
126847,2
126849,2
126850,2
126851,2
126853,3
126854,2
126855,1
126856,1
126857,2
126858,3
126859,5
126860,1
126861,4
126862,1
126863,1
126864,3
126865,1
126866,1
126867,1
126868,1
126869,1
126870,1
126871,1
126872,2
126873,3
126874,2
126875,2
126876,2
126878,2
126879,4
126880,6
126881,1
126882,3
126883,1
126884,2
126886,4
126887,1
126888,2
126889,2
126890,2
126891,7
126892,3
126894,1
126895,1
126896,2
126897,3
126898,1
126899,1
126900,1
126901,3
126902,3
126903,3
126904,2
126905,1
126906,1
126907,2
126908,2
126909,4
126910,1
126911,2
126912,4
126913,2
126914,4
126915,1
126916,1
126917,2
126918,3
126919,4
126920,4
126922,6
126923,1
126926,2
126927,2
126928,3
126929,2
126931,2
126932,1
126933,5
126934,4
126935,3
126936,5
126937,2
126938,2
126939,3
126940,1
126941,6
126942,1
126943,2
126944,3
126945,1
126946,1
126947,1
126949,2
126952,2
126953,2
126954,3
126955,2
126956,2
126957,3
126958,7
126959,3
126960,4
126961,5
126962,2
126963,1
126964,3
126965,7
126966,1
126968,2
126969,1
126970,2
126971,1
126972,1
126973,1
126974,3
126975,1
126976,2
126977,2
126978,1
126979,6
126980,3
126981,2
126982,2
126983,1
126984,1
126985,2
126986,5
126987,2
126988,3
126989,1
126990,1
126991,4
126992,4
126993,3
126994,2
126995,2
126996,5
126997,1
126998,4
127000,2
127003,7
127004,2
127005,1
127006,4
127007,1
127008,5
127009,4
127010,3
127011,1
127012,1
127013,5
127014,6
127016,1
127017,3
127018,4
127019,2
127020,2
127021,4
127022,3
127023,2
127024,5
127025,4
127026,3
127027,2
127028,2
127029,4
127030,1
127032,3
127033,2
127034,2
127035,1
127037,1
127038,2
127039,1
127040,1
127041,1
127042,1
127043,2
127044,1
127045,2
127046,3
127047,1
127048,7
127050,5
127051,3
127052,2
127053,2
127054,2
127055,2
127056,1
127057,3
127058,3
127059,2
127060,2
127061,3
127063,1
127064,2
127065,3
127066,4
127068,2
127069,3
127070,3
127071,2
127072,7
127073,2
127074,3
127075,1
127076,3
127077,4
127078,3
127079,4
127080,3
127081,2
127082,1
127083,2
127084,4
127086,2
127087,2
127088,4
127089,3
127090,1
127091,4
127092,2
127093,3
127094,1
127095,3
127096,2
127097,1
127098,3
127099,2
127100,3
127101,1
127102,4
127103,4
127104,5
127105,3
127106,4
127107,1
127108,1
127109,2
127110,2
127112,3
127113,7
127114,1
127115,5
127116,2
127117,1
127118,2
127119,6
127120,4
127121,3
127122,1
127123,5
127124,2
127125,5
127127,2
127128,1
127129,4
127130,2
127131,3
127133,3
127134,4
127136,6
127137,2
127138,1
127139,1
127140,2
127141,7
127142,3
127143,1
127144,6
127145,2
127146,2
127147,5
127148,4
127149,4
127150,2
127151,2
127152,2
127154,3
127155,3
127156,2
127157,3
127158,3
127159,4
127160,3
127161,3
127162,1
127163,1
127164,8
127165,3
127166,6
127167,2
127168,5
127169,7
127170,2
127171,4
127172,3
127173,4
127174,4
127175,1
127176,2
127178,1
127179,4
127180,2
127181,1
127182,1
127183,2
127184,4
127185,4
127186,1
127187,3
127188,3
127190,3
127191,4
127192,2
127193,3
127194,4
127195,4
127197,4
127198,2
127199,4
127200,4
127201,2
127202,2
127203,6
127204,3
127205,5
127207,3
127208,7
127209,3
127210,4
127211,5
127212,1
127213,4
127214,2
127215,2
127217,3
127218,2
127219,1
127220,4
127221,3
127222,3
127223,4
127224,3
127225,3
127226,4
127227,1
127228,6
127229,1
127230,2
127231,4
127232,5
127233,4
127234,1
127235,4
127236,1
127237,1
127238,5
127239,2
127240,3
127242,3
127243,3
127244,2
127245,3
127246,1
127247,1
127248,4
127250,4
127251,4
127252,2
127253,7
127254,5
127255,2
127256,3
127257,2
127259,4
127260,3
127261,1
127262,1
127263,2
127264,5
127265,3
127266,1
127268,2
127269,3
127270,4
127271,4
127272,2
127273,2
127274,3
127275,4
127276,7
127277,4
127278,2
127279,5
127280,1
127281,2
127282,2
127283,2
127284,2
127285,1
127286,6
127287,2
127289,3
127290,4
127291,3
127292,2
127293,2
127294,5
127295,5
127296,6
127297,7
127298,1
127299,3
127300,4
127301,2
127302,3
127303,1
127304,3
127305,4
127306,3
127307,1
127308,2
127309,3
127310,2
127311,1
127312,4
127313,5
127314,1
127315,2
127316,2
127317,5
127318,2
127319,3
127320,5
127321,4
127322,7
127323,2
127324,4
127325,3
127326,3
127327,4
127328,1
127329,2
127330,2
127331,3
127332,3
127333,1
127334,3
127335,3
127336,7
127337,3
127338,4
127339,3
127340,3
127341,2
127342,3
127343,4
127344,1
127345,7
127346,1
127347,4
127348,4
127349,3
127351,4
127352,5
127353,2
127354,3
127355,4
127356,2
127357,4
127358,3
127359,3
127360,2
127361,7
127362,4
127363,3
127364,1
127365,2
127366,4
127367,4
127368,2
127369,5
127370,4
127371,3
127372,2
127373,2
127375,5
127376,5
127377,4
127378,3
127379,1
127380,3
127381,4
127383,6
127384,5
127385,2
127386,6
127387,4
127388,3
127389,2
127390,5
127392,5
127393,4
127394,2
127395,3
127396,4
127397,2
127398,3
127399,2
127400,1
127401,8
127402,4
127403,4
127404,3
127405,1
127406,2
127407,3
127408,6
127409,2
127410,3
127411,4
127412,1
127413,6
127414,3
127415,1
127416,6
127417,4
127418,2
127419,2
127420,8
127421,3
127422,3
127423,6
127424,6
127425,2
127426,7
127427,1
127428,4
127429,1
127430,1
127431,4
127432,4
127433,3
127434,4
127435,5
127436,7
127437,1
127438,7
127439,3
127440,1
127441,1
127442,2
127443,3
127444,3
127445,7
127446,3
127447,2
127448,6
127449,4
127450,3
127451,4
127452,2
127453,5
127454,5
127455,5
127456,6
127457,6
127458,1
127459,2
127460,5
127461,2
127462,3
127463,1
127464,4
127465,2
127466,6
127467,1
127468,5
127469,4
127470,3
127471,3
127472,9
127473,3
127475,4
127476,3
127477,7
127478,7
127479,6
127481,3
127482,5
127483,5
127484,8
127485,6
127486,2
127487,2
127488,9
127489,3
127490,3
127491,3
127492,4
127493,4
127494,7
127495,5
127496,3
127497,4
127498,4
127499,2
127500,4
127501,2
127502,1
127503,4
127504,3
127505,4
127506,4
127507,4
127508,4
127509,11
127510,3
127511,1
127512,5
127513,1
127514,8
127515,6
127516,1
127517,2
127518,2
127519,4
127520,5
127521,4
127522,1
127523,1
127524,4
127525,8
127526,7
127527,3
127528,2
127529,6
127530,5
127531,5
127532,5
127533,2
127534,5
127535,2
127536,2
127537,5
127538,4
127539,4
127540,4
127541,6
127542,4
127543,4
127544,9
127545,5
127546,4
127547,2
127548,6
127549,3
127550,7
127551,1
127552,2
127553,4
127554,3
127555,4
127556,5
127557,7
127558,5
127559,6
127560,3
127561,5
127562,8
127563,2
127564,4
127565,3
127566,2
127567,2
127568,9
127569,2
127570,1
127571,7
127572,2
127573,1
127574,4
127575,5
127576,6
127577,3
127578,10
127579,6
127580,6
127581,3
127582,1
127583,7
127584,11
127585,4
127586,2
127587,7
127588,5
127589,7
127590,6
127591,5
127592,4
127593,3
127594,4
127595,3
127596,4
127597,6
127598,3
127599,7
127600,3
127601,2
127602,4
127603,4
127605,8
127606,5
127608,4
127609,7
127610,4
127611,3
127612,7
127613,4
127614,4
127615,5
127616,5
127617,7
127618,3
127619,6
127620,5
127621,5
127622,5
127623,7
127624,5
127625,5
127626,5
127627,8
127628,5
127629,6
127630,5
127631,7
127632,6
127633,3
127634,5
127635,2
127636,5
127637,3
127638,1
127639,5
127640,2
127641,2
127642,4
127643,5
127644,4
127645,7
127646,3
127647,3
127648,6
127649,7
127650,8
127651,7
127652,2
127653,7
127654,3
127655,4
127656,5
127657,5
127658,3
127659,2
127660,3
127661,4
127662,2
127663,2
127664,7
127665,11
127666,3
127667,2
127668,1
127669,6
127670,6
127671,4
127672,7
127673,3
127674,6
127675,6
127676,3
127677,7
127678,4
127679,5
127680,4
127681,4
127682,3
127684,4
127685,6
127686,3
127687,2
127688,7
127689,1
127690,5
127691,4
127692,7
127693,7
127694,10
127695,4
127696,6
127697,3
127698,3
127699,6
127700,4
127701,7
127702,6
127703,4
127704,6
127705,4
127706,4
127707,7
127708,2
127709,4
127710,6
127711,3
127712,12
127713,7
127714,4
127715,5
127716,6
127717,8
127718,4
127719,3
127720,5
127721,7
127722,4
127723,7
127724,8
127725,5
127726,3
127727,4
127728,6
127729,4
127730,3
127731,2
127732,5
127733,6
127734,5
127735,8
127736,8
127737,6
127738,5
127739,8
127740,6
127741,4
127742,5
127743,4
127744,6
127745,5
127746,3
127747,6
127748,5
127749,11
127750,5
127751,7
127752,3
127753,2
127754,5
127755,6
127756,6
127757,7
127758,4
127759,9
127760,3
127761,4
127762,3
127763,5
127764,8
127765,5
127766,6
127767,8
127768,4
127769,7
127770,6
127771,12
127772,5
127773,4
127774,7
127775,8
127776,3
127777,7
127778,6
127779,4
127780,6
127781,2
127782,4
127783,7
127784,6
127785,5
127786,5
127787,3
127788,6
127789,2
127790,6
127791,9
127792,9
127793,2
127794,8
127795,4
127796,1
127797,7
127798,3
127799,5
127800,5
127801,8
127802,7
127803,8
127804,5
127805,6
127806,5
127807,6
127808,5
127809,9
127810,7
127811,9
127812,6
127813,7
127814,9
127815,5
127816,8
127817,7
127818,7
127819,11
127820,8
127821,9
127822,6
127823,4
127824,7
127825,3
127826,4
127827,10
127828,7
127829,9
127830,4
127831,4
127832,6
127833,2
127834,6
127835,9
127836,7
127837,4
127838,6
127839,3
127840,3
127841,10
127842,3
127843,2
127844,1
127845,7
127846,6
127847,6
127848,5
127849,10
127850,4
127851,5
127852,6
127853,6
127854,5
127855,3
127856,9
127857,7
127858,5
127859,4
127860,4
127861,6
127862,9
127863,4
127864,7
127865,7
127866,3
127867,3
127868,3
127869,12
127870,5
127871,4
127872,1
127873,5
127874,2
127875,2
127876,6
127877,6
127878,6
127879,7
127880,4
127881,2
127882,10
127883,5
127884,4
127885,6
127886,7
127887,5
127888,5
127889,3
127890,9
127891,6
127892,6
127893,6
127894,4
127895,4
127896,6
127897,8
127898,10
127899,16
127900,7
127901,4
127902,6
127903,6
127904,9
127905,2
127906,3
127907,6
127908,3
127909,11
127910,5
127911,5
127912,4
127913,2
127914,6
127915,4
127916,4
127917,4
127918,5
127919,6
127920,9
127921,4
127922,10
127923,7
127924,8
127925,4
127926,7
127927,2
127928,10
127929,5
127930,4
127931,5
127932,4
127933,5
127934,6
127935,2
127936,1
127937,6
127938,1
127939,4
127940,4
127941,10
127942,5
127943,11
127944,2
127945,6
127946,7
127947,9
127948,4
127949,4
127950,2
127951,8
127952,8
127953,5
127954,3
127955,7
127956,4
127957,4
127958,6
127959,8
127960,8
127961,4
127962,13
127963,10
127964,6
127965,6
127966,6
127967,4
127968,9
127969,5
127970,6
127971,5
127972,2
127973,8
127974,10
127975,5
127976,4
127977,6
127978,9
127979,6
127980,9
127981,12
127982,5
127983,4
127984,12
127985,7
127986,6
127987,5
127988,4
127989,5
127990,7
127991,4
127992,7
127993,8
127994,4
127995,7
127996,7
127997,9
127998,10
127999,2
128000,6
128001,8
128002,3
128003,5
128004,4
128005,8
128006,12
128007,10
128008,4
128009,10
128010,8
128011,9
128012,7
128013,5
128014,5
128015,9
128016,7
128017,5
128018,3
128019,6
128020,6
128021,5
128022,3
128023,8
128024,4
128025,7
128026,9
128027,12
128028,8
128029,6
128030,8
128031,3
128032,9
128033,6
128034,7
128035,5
128036,4
128037,5
128038,5
128039,9
128040,5
128041,4
128042,5
128043,6
128044,9
128045,7
128046,9
128047,14
128048,12
128049,8
128050,16
128051,8
128052,9
128053,7
128054,11
128055,8
128056,4
128057,5
128058,13
128059,5
128060,5
128061,7
128062,6
128063,11
128064,12
128065,9
128066,7
128067,5
128068,7
128069,6
128070,11
128071,4
128072,5
128073,6
128074,10
128075,6
128076,8
128077,4
128078,7
128079,6
128080,7
128081,6
128082,7
128083,6
128084,6
128085,3
128086,12
128087,8
128088,12
128089,12
128090,4
128091,6
128092,8
128093,5
128094,4
128095,4
128096,7
128097,7
128098,5
128099,5
128100,2
128101,8
128102,7
128103,6
128104,3
128105,6
128106,8
128107,9
128108,8
128109,7
128110,7
128111,8
128112,12
128113,4
128114,4
128115,9
128116,11
128117,8
128118,6
128119,4
128120,6
128121,4
128122,8
128123,9
128124,7
128125,6
128126,9
128127,4
128128,7
128129,10
128130,10
128131,10
128132,11
128133,12
128134,5
128135,10
128136,4
128137,4
128138,9
128139,7
128140,14
128141,3
128142,4
128143,6
128144,14
128145,8
128146,6
128147,11
128148,3
128149,11
128150,8
128151,4
128152,4
128153,9
128154,9
128155,7
128156,7
128157,13
128158,9
128159,7
128160,7
128161,7
128162,6
128163,4
128164,5
128165,13
128166,9
128167,3
128168,9
128169,8
128170,4
128171,13
128172,9
128173,8
128174,9
128175,8
128176,13
128177,4
128178,6
128179,4
128180,5
128181,7
128182,5
128183,9
128184,10
128185,14
128186,8
128187,5
128188,5
128189,5
128190,5
128191,12
128192,7
128193,7
128194,8
128195,9
128196,8
128197,8
128198,7
128199,6
128200,12
128201,7
128202,6
128203,11
128204,6
128205,8
128206,9
128207,3
128208,10
128209,6
128210,13
128211,8
128212,8
128213,10
128214,10
128215,8
128216,5
128217,8
128218,8
128219,9
128220,8
128221,6
128222,5
128223,8
128224,9
128225,10
128226,11
128227,8
128228,9
128229,7
128230,5
128231,16
128232,10
128233,12
128234,2
128235,10
128236,9
128237,7
128238,10
128239,8
128240,12
128241,8
128242,8
128243,5
128244,8
128245,15
128246,8
128247,13
128248,6
128249,6
128250,13
128251,10
128252,4
128253,5
128254,12
128255,9
128256,10
128257,6
128258,3
128259,4
128260,13
128261,11
128262,7
128263,8
128264,9
128265,8
128266,3
128267,11
128268,5
128269,3
128270,7
128271,11
128272,9
128273,6
128274,6
128275,8
128276,13
128277,9
128278,7
128279,11
128280,7
128281,8
128282,10
128283,5
128284,8
128285,6
128286,5
128287,11
128288,10
128289,10
128290,5
128291,7
128292,11
128293,12
128294,12
128295,10
128296,9
128297,5
128298,10
128299,12
128300,10
128301,5
128302,10
128303,12
128304,5
128305,6
128306,8
128307,7
128308,10
128309,7
128310,9
128311,8
128312,8
128313,8
128314,14
128315,9
128316,11
128317,9
128318,7
128319,8
128320,14
128321,7
128322,6
128323,8
128324,8
128325,7
128326,9
128327,9
128328,7
128329,8
128330,11
128331,11
128332,9
128333,7
128334,8
128335,1
128336,14
128337,9
128338,9
128339,6
128340,15
128341,9
128342,6
128343,8
128344,9
128345,9
128346,14
128347,7
128348,8
128349,8
128350,8
128351,6
128352,9
128353,10
128354,5
128355,8
128356,9
128357,14
128358,13
128359,8
128360,10
128361,8
128362,14
128363,9
128364,10
128365,9
128366,11
128367,12
128368,12
128369,12
128370,3
128371,2
128372,8
128373,5
128374,5
128375,11
128376,15
128377,8
128378,3
128379,9
128380,13
128381,3
128382,12
128383,9
128384,8
128385,15
128386,8
128387,14
128388,13
128389,14
128390,10
128391,9
128392,15
128393,15
128394,12
128395,12
128396,6
128397,8
128398,11
128399,15
128400,17
128401,16
128402,10
128403,9
128404,7
128405,13
128406,13
128407,5
128408,11
128409,7
128410,9
128411,4
128412,7
128413,9
128414,11
128415,9
128416,7
128417,10
128418,9
128419,4
128420,16
128421,10
128422,9
128423,12
128424,10
128425,17
128426,8
128427,15
128428,9
128429,10
128430,13
128431,8
128432,10
128433,9
128434,5
128435,6
128436,5
128437,17
128438,13
128439,12
128440,15
128441,10
128442,13
128443,7
128444,8
128445,18
128446,8
128447,8
128448,12
128449,12
128450,9
128451,11
128452,9
128453,10
128454,4
128455,7
128456,7
128457,11
128458,7
128459,11
128460,10
128461,8
128462,12
128463,9
128464,12
128465,8
128466,8
128467,10
128468,10
128469,14
128470,7
128471,15
128472,11
128473,13
128474,12
128475,4
128476,11
128477,11
128478,10
128479,13
128480,18
128481,8
128482,12
128483,5
128484,7
128485,12
128486,11
128487,8
128488,11
128489,13
128490,11
128491,12
128492,10
128493,7
128494,8
128495,5
128496,17
128497,15
128498,11
128499,7
128500,8
128501,10
128502,12
128503,11
128504,14
128505,8
128506,11
128507,10
128508,5
128509,12
128510,10
128511,3
128512,19
128513,5
128514,11
128515,7
128516,11
128517,13
128518,13
128519,9
128520,8
128521,11
128522,4
128523,10
128524,6
128525,12
128526,14
128527,14
128528,7
128529,9
128530,13
128531,12
128532,15
128533,20
128534,13
128535,9
128536,6
128537,10
128538,8
128539,8
128540,11
128541,6
128542,8
128543,16
128544,18
128545,16
128546,8
128547,14
128548,13
128549,13
128550,14
128551,12
128552,10
128553,11
128554,12
128555,12
128556,9
128557,5
128558,8
128559,10
128560,8
128561,7
128562,8
128563,9
128564,11
128565,18
128566,16
128567,16
128568,11
128569,10
128570,14
128571,10
128572,12
128573,21
128574,13
128575,9
128576,18
128577,11
128578,10
128579,12
128580,9
128581,12
128582,15
128583,11
128584,13
128585,14
128586,13
128587,18
128588,10
128589,14
128590,6
128591,5
128592,20
128593,9
128594,9
128595,12
128596,6
128597,10
128598,9
128599,10
128600,9
128601,12
128602,10
128603,10
128604,8
128605,10
128606,14
128607,12
128608,14
128609,16
128610,8
128611,13
128612,9
128613,14
128614,18
128615,11
128616,12
128617,11
128618,15
128619,17
128620,9
128621,6
128622,13
128623,10
128624,12
128625,14
128626,16
128627,18
128628,8
128629,18
128630,17
128631,16
128632,15
128633,13
128634,9
128635,8
128636,12
128637,10
128638,5
128639,12
128640,9
128641,17
128642,13
128643,7
128644,12
128645,13
128646,8
128647,13
128648,10
128649,12
128650,11
128651,15
128652,15
128653,7
128654,16
128655,9
128656,23
128657,8
128658,17
128659,15
128660,7
128661,11
128662,6
128663,9
128664,11
128665,12
128666,14
128667,9
128668,11
128669,11
128670,6
128671,7
128672,26
128673,15
128674,9
128675,7
128676,8
128677,19
128678,11
128679,7
128680,8
128681,12
128682,17
128683,10
128684,5
128685,14
128686,8
128687,8
128688,11
128689,12
128690,10
128691,10
128692,13
128693,15
128694,9
128695,10
128696,17
128697,12
128698,12
128699,15
128700,14
128701,16
128702,18
128703,11
128704,18
128705,6
128706,9
128707,7
128708,11
128709,12
128710,12
128711,10
128712,9
128713,10
128714,16
128715,18
128716,12
128717,17
128718,12
128719,16
128720,11
128721,11
128722,6
128723,14
128724,7
128725,19
128726,13
128727,12
128728,10
128729,11
128730,10
128731,18
128732,11
128733,8
128734,15
128735,9
128736,20
128737,13
128738,12
128739,9
128740,15
128741,11
128742,14
128743,10
128744,18
128745,10
128746,13
128747,13
128748,9
128749,11
128750,13
128751,5
128752,7
128753,11
128754,7
128755,9
128756,14
128757,12
128758,16
128759,10
128760,7
128761,13
128762,10
128763,11
128764,13
128765,12
128766,10
128767,9
128768,14
128769,9
128770,9
128771,17
128772,8
128773,12
128774,10
128775,9
128776,14
128777,18
128778,8
128779,16
128780,12
128781,17
128782,13
128783,16
128784,15
128785,9
128786,12
128787,16
128788,21
128789,21
128790,13
128791,10
128792,8
128793,7
128794,9
128795,12
128796,14
128797,8
128798,9
128799,15
128800,23
128801,7
128802,14
128803,11
128804,8
128805,11
128806,16
128807,10
128808,11
128809,11
128810,16
128811,18
128812,12
128813,13
128814,14
128815,11
128816,20
128817,14
128818,8
128819,14
128820,15
128821,12
128822,15
128823,11
128824,11
128825,14
128826,11
128827,6
128828,13
128829,18
128830,12
128831,11
128832,13
128833,20
128834,11
128835,14
128836,11
128837,19
128838,17
128839,10
128840,14
128841,10
128842,15
128843,16
128844,11
128845,12
128846,15
128847,17
128848,15
128849,7
128850,8
128851,9
128852,18
128853,11
128854,10
128855,14
128856,9
128857,12
128858,16
128859,11
128860,26
128861,10
128862,18
128863,11
128864,20
128865,16
128866,13
128867,11
128868,14
128869,12
128870,5
128871,20
128872,8
128873,19
128874,16
128875,15
128876,12
128877,13
128878,12
128879,8
128880,27
128881,15
128882,17
128883,10
128884,16
128885,22
128886,12
128887,8
128888,9
128889,9
128890,22
128891,12
128892,9
128893,5
128894,11
128895,9
128896,22
128897,17
128898,15
128899,13
128900,11
128901,16
128902,13
128903,10
128904,7
128905,4
128906,18
128907,18
128908,12
128909,8
128910,12
128911,9
128912,14
128913,16
128914,12
128915,18
128916,19
128917,19
128918,14
128919,12
128920,11
128921,11
128922,12
128923,15
128924,12
128925,13
128926,10
128927,11
128928,12
128929,18
128930,10
128931,10
128932,10
128933,13
128934,11
128935,14
128936,15
128937,11
128938,11
128939,17
128940,14
128941,14
128942,8
128943,12
128944,12
128945,17
128946,11
128947,10
128948,15
128949,18
128950,9
128951,23
128952,15
128953,20
128954,12
128955,8
128956,8
128957,13
128958,8
128959,12
128960,8
128961,13
128962,11
128963,12
128964,11
128965,15
128966,16
128967,18
128968,14
128969,16
128970,14
128971,12
128972,7
128973,10
128974,14
128975,10
128976,9
128977,19
128978,9
128979,10
128980,16
128981,14
128982,20
128983,15
128984,13
128985,22
128986,14
128987,15
128988,7
128989,13
128990,11
128991,9
128992,19
128993,15
128994,10
128995,11
128996,7
128997,14
128998,10
128999,10
129000,14
129001,14
129002,15
129003,20
129004,20
129005,7
129006,16
129007,16
129008,18
129009,16
129010,16
129011,7
129012,11
129013,12
129014,8
129015,16
129016,16
129017,4
129018,13
129019,16
129020,5
129021,12
129022,12
129023,13
129024,14
129025,8
129026,9
129027,15
129028,12
129029,19
129030,14
129031,10
129032,10
129033,15
129034,14
129035,15
129036,14
129037,14
129038,7
129039,10
129040,14
129041,19
129042,14
129043,7
129044,10
129045,15
129046,12
129047,13
129048,12
129049,15
129050,19
129051,18
129052,10
129053,9
129054,12
129055,13
129056,12
129057,10
129058,12
129059,11
129060,13
129061,18
129062,9
129063,9
129064,16
129065,15
129066,21
129067,24
129068,14
129069,11
129070,10
129071,12
129072,19
129073,11
129074,17
129075,12
129076,10
129077,14
129078,10
129079,15
129080,17
129081,9
129082,16
129083,13
129084,20
129085,12
129086,14
129087,16
129088,16
129089,10
129090,11
129091,12
129092,8
129093,24
129094,20
129095,12
129096,12
129097,18
129098,15
129099,11
129100,9
129101,10
129102,13
129103,14
129104,11
129105,11
129106,7
129107,11
129108,14
129109,8
129110,15
129111,6
129112,8
129113,16
129114,7
129115,16
129116,19
129117,18
129118,18
129119,12
129120,19
129121,8
129122,9
129123,11
129124,16
129125,12
129126,13
129127,14
129128,11
129129,17
129130,12
129131,17
129132,19
129133,18
129134,12
129135,15
129136,19
129137,13
129138,9
129139,9
129140,12
129141,25
129142,15
129143,13
129144,16
129145,13
129146,8
129147,20
129148,13
129149,15
129150,14
129151,13
129152,14
129153,9
129154,14
129155,10
129156,7
129157,9
129158,13
129159,8
129160,12
129161,13
129162,13
129163,20
129164,10
129165,15
129166,16
129167,10
129168,21
129169,15
129170,13
129171,12
129172,19
129173,18
129174,13
129175,7
129176,13
129177,13
129178,11
129179,23
129180,11
129181,8
129182,10
129183,13
129184,8
129185,5
129186,15
129187,8
129188,11
129189,14
129190,16
129191,4
129192,6
129193,28
129194,13
129195,18
129196,12
129197,11
129198,22
129199,17
129200,21
129201,15
129202,16
129203,11
129204,11
129205,13
129206,16
129207,17
129208,9
129209,10
129210,17
129211,15
129212,13
129213,13
129214,12
129215,15
129216,20
129217,12
129218,14
129219,14
129220,14
129221,16
129222,12
129223,12
129224,17
129225,17
129226,16
129227,17
129228,11
129229,13
129230,14
129231,9
129232,14
129233,12
129234,7
129235,13
129236,6
129237,19
129238,16
129239,13
129240,19
129241,18
129242,10
129243,15
129244,18
129245,14
129246,22
129247,11
129248,19
129249,14
129250,12
129251,12
129252,14
129253,18
129254,20
129255,16
129256,23
129257,17
129258,18
129259,21
129260,14
129261,11
129262,10
129263,7
129264,16
129265,11
129266,12
129267,13
129268,8
129269,10
129270,9
129271,8
129272,12
129273,8
129274,12
129275,13
129276,16
129277,18
129278,15
129279,6
129280,14
129281,17
129282,19
129283,14
129284,18
129285,25
129286,21
129287,7
129288,9
129289,13
129290,18
129291,15
129292,12
129293,11
129294,15
129295,16
129296,20
129297,12
129298,13
129299,13
129300,12
129301,11
129302,15
129303,11
129304,14
129305,16
129306,13
129307,13
129308,13
129309,18
129310,12
129311,15
129312,14
129313,20
129314,8
129315,14
129316,19
129317,10
129318,13
129319,9
129320,14
129321,15
129322,11
129323,21
129324,17
129325,9
129326,7
129327,15
129328,16
129329,16
129330,10
129331,14
129332,16
129333,11
129334,13
129335,17
129336,12
129337,16
129338,18
129339,23
129340,8
129341,9
129342,12
129343,16
129344,16
129345,14
129346,9
129347,14
129348,13
129349,12
129350,18
129351,15
129352,10
129353,12
129354,7
129355,21
129356,20
129357,22
129358,15
129359,12
129360,16
129361,13
129362,4
129363,12
129364,14
129365,14
129366,20
129367,12
129368,17
129369,10
129370,15
129371,19
129372,23
129373,11
129374,18
129375,6
129376,10
129377,14
129378,16
129379,20
129380,14
129381,23
129382,17
129383,17
129384,20
129385,19
129386,12
129387,14
129388,16
129389,10
129390,20
129391,17
129392,20
129393,19
129394,14
129395,14
129396,16
129397,21
129398,10
129399,13
129400,14
129401,15
129402,18
129403,14
129404,17
129405,15
129406,16
129407,9
129408,13
129409,6
129410,8
129411,10
129412,12
129413,12
129414,13
129415,14
129416,17
129417,16
129418,11
129419,19
129420,17
129421,16
129422,16
129423,12
129424,24
129425,10
129426,21
129427,10
129428,13
129429,24
129430,11
129431,14
129432,16
129433,9
129434,11
129435,19
129436,15
129437,11
129438,8
129439,12
129440,20
129441,15
129442,4
129443,10
129444,21
129445,16
129446,15
129447,15
129448,19
129449,9
129450,13
129451,16
129452,14
129453,16
129454,5
129455,5
129456,11
129457,13
129458,15
129459,13
129460,16
129461,14
129462,15
129463,17
129464,14
129465,13
129466,17
129467,15
129468,12
129469,13
129470,15
129471,19
129472,23
129473,12
129474,14
129475,15
129476,12
129477,14
129478,16
129479,12
129480,10
129481,6
129482,17
129483,17
129484,11
129485,13
129486,13
129487,13
129488,15
129489,15
129490,4
129491,11
129492,14
129493,15
129494,12
129495,11
129496,14
129497,12
129498,14
129499,17
129500,15
129501,22
129502,21
129503,14
129504,12
129505,14
129506,8
129507,14
129508,11
129509,14
129510,17
129511,15
129512,13
129513,10
129514,13
129515,18
129516,8
129517,10
129518,7
129519,6
129520,15
129521,20
129522,16
129523,10
129524,18
129525,18
129526,15
129527,14
129528,7
129529,7
129530,13
129531,21
129532,18
129533,17
129534,16
129535,15
129536,22
129537,14
129538,15
129539,12
129540,5
129541,22
129542,12
129543,15
129544,17
129545,8
129546,10
129547,20
129548,8
129549,16
129550,16
129551,19
129552,17
129553,11
129554,11
129555,13
129556,13
129557,12
129558,11
129559,13
129560,12
129561,10
129562,7
129563,17
129564,14
129565,11
129566,10
129567,20
129568,22
129569,19
129570,14
129571,10
129572,18
129573,18
129574,6
129575,14
129576,16
129577,9
129578,13
129579,13
129580,16
129581,12
129582,20
129583,15
129584,24
129585,10
129586,17
129587,15
129588,5
129589,18
129590,17
129591,15
129592,11
129593,19
129594,19
129595,10
129596,11
129597,4
129598,12
129599,16
129600,11
129601,16
129602,10
129603,12
129604,15
129605,14
129606,16
129607,8
129608,13
129609,12
129610,13
129611,19
129612,14
129613,20
129614,18
129615,14
129616,16
129617,16
129618,14
129619,12
129620,19
129621,17
129622,9
129623,10
129624,15
129625,13
129626,18
129627,20
129628,15
129629,7
129630,20
129631,7
129632,17
129633,18
129634,17
129635,14
129636,17
129637,19
129638,19
129639,11
129640,11
129641,19
129642,15
129643,10
129644,16
129645,13
129646,5
129647,12
129648,23
129649,9
129650,18
129651,18
129652,19
129653,20
129654,7
129655,16
129656,22
129657,12
129658,11
129659,13
129660,19
129661,14
129662,21
129663,15
129664,18
129665,16
129666,11
129667,19
129668,13
129669,17
129670,17
129671,13
129672,15
129673,11
129674,12
129675,9
129676,11
129677,13
129678,16
129679,15
129680,17
129681,12
129682,14
129683,10
129684,11
129685,17
129686,15
129687,16
129688,17
129689,21
129690,13
129691,16
129692,12
129693,9
129694,11
129695,11
129696,15
129697,19
129698,15
129699,11
129700,19
129701,20
129702,11
129703,11
129704,17
129705,18
129706,14
129707,11
129708,11
129709,7
129710,15
129711,8
129712,17
129713,9
129714,22
129715,13
129716,17
129717,17
129718,14
129719,10
129720,23
129721,16
129722,13
129723,18
129724,16
129725,8
129726,12
129727,15
129728,16
129729,17
129730,10
129731,9
129732,20
129733,17
129734,22
129735,16
129736,15
129737,13
129738,13
129739,15
129740,9
129741,11
129742,12
129743,9
129744,21
129745,20
129746,18
129747,11
129748,8
129749,14
129750,14
129751,18
129752,14
129753,14
129754,17
129755,20
129756,17
129757,15
129758,10
129759,8
129760,12
129761,16
129762,9
129763,10
129764,12
129765,16
129766,14
129767,12
129768,8
129769,12
129770,13
129771,12
129772,16
129773,5
129774,12
129775,15
129776,17
129777,15
129778,15
129779,16
129780,18
129781,21
129782,13
129783,14
129784,11
129785,19
129786,14
129787,11
129788,10
129789,7
129790,12
129791,14
129792,18
129793,14
129794,9
129795,8
129796,13
129797,13
129798,17
129799,11
129800,14
129801,21
129802,18
129803,17
129804,20
129805,14
129806,10
129807,12
129808,22
129809,13
129810,13
129811,16
129812,6
129813,19
129814,17
129815,11
129816,26
129817,11
129818,17
129819,25
129820,17
129821,13
129822,10
129823,22
129824,15
129825,10
129826,14
129827,14
129828,12
129829,14
129830,14
129831,17
129832,9
129833,10
129834,11
129835,21
129836,17
129837,10
129838,13
129839,9
129840,13
129841,15
129842,17
129843,17
129844,12
129845,18
129846,14
129847,14
129848,17
129849,8
129850,10
129851,16
129852,8
129853,13
129854,6
129855,9
129856,20
129857,9
129858,14
129859,14
129860,11
129861,14
129862,13
129863,13
129864,8
129865,19
129866,12
129867,18
129868,10
129869,17
129870,12
129871,22
129872,15
129873,12
129874,17
129875,16
129876,7
129877,17
129878,19
129879,15
129880,14
129881,19
129882,13
129883,19
129884,11
129885,14
129886,18
129887,18
129888,24
129889,11
129890,16
129891,16
129892,11
129893,17
129894,9
129895,15
129896,18
129897,12
129898,14
129899,16
129900,20
129901,9
129902,12
129903,20
129904,19
129905,16
129906,19
129907,13
129908,12
129909,10
129910,11
129911,11
129912,20
129913,16
129914,15
129915,17
129916,13
129917,11
129918,10
129919,20
129920,20
129921,16
129922,14
129923,8
129924,22
129925,13
129926,12
129927,19
129928,17
129929,8
129930,18
129931,13
129932,13
129933,9
129934,13
129935,16
129936,20
129937,7
129938,15
129939,8
129940,12
129941,18
129942,14
129943,10
129944,22
129945,14
129946,13
129947,11
129948,25
129949,14
129950,22
129951,14
129952,21
129953,9
129954,13
129955,10
129956,13
129957,16
129958,14
129959,11
129960,7
129961,10
129962,15
129963,16
129964,13
129965,8
129966,12
129967,15
129968,19
129969,14
129970,13
129971,14
129972,18
129973,16
129974,22
129975,16
129976,10
129977,9
129978,14
129979,15
129980,10
129981,19
129982,19
129983,22
129984,22
129985,19
129986,11
129987,4
129988,13
129989,14
129990,10
129991,12
129992,11
129993,11
129994,16
129995,9
129996,23
129997,20
129998,13
129999,14
130000,18
130001,23
130002,15
130003,17
130004,13
130005,11
130006,10
130007,16
130008,14
130009,14
130010,16
130011,29
130012,20
130013,14
130014,10
130015,16
130016,18
130017,10
130018,6
130019,16
130020,9
130021,12
130022,13
130023,14
130024,10
130025,12
130026,14
130027,16
130028,11
130029,14
130030,10
130031,14
130032,24
130033,16
130034,16
130035,14
130036,17
130037,16
130038,13
130039,10
130040,13
130041,14
130042,18
130043,13
130044,19
130045,10
130046,19
130047,16
130048,25
130049,12
130050,18
130051,13
130052,15
130053,18
130054,12
130055,15
130056,15
130057,18
130058,16
130059,14
130060,20
130061,10
130062,12
130063,21
130064,11
130065,15
130066,13
130067,10
130068,15
130069,14
130070,13
130071,14
130072,8
130073,12
130074,11
130075,14
130076,13
130077,19
130078,14
130079,13
130080,11
130081,10
130082,17
130083,8
130084,11
130085,24
130086,21
130087,14
130088,10
130089,12
130090,20
130091,18
130092,12
130093,14
130094,15
130095,18
130096,21
130097,18
130098,10
130099,15
130100,9
130101,20
130102,10
130103,17
130104,10
130105,12
130106,14
130107,23
130108,9
130109,10
130110,15
130111,9
130112,17
130113,20
130114,9
130115,18
130116,12
130117,10
130118,10
130119,19
130120,10
130121,17
130122,11
130123,14
130124,9
130125,13
130126,11
130127,16
130128,16
130129,15
130130,10
130131,10
130132,21
130133,21
130134,12
130135,16
130136,20
130137,17
130138,24
130139,25
130140,18
130141,12
130142,14
130143,10
130144,19
130145,15
130146,13
130147,14
130148,9
130149,14
130150,14
130151,14
130152,12
130153,19
130154,16
130155,12
130156,13
130157,15
130158,15
130159,16
130160,17
130161,10
130162,12
130163,12
130164,11
130165,14
130166,14
130167,15
130168,7
130169,13
130170,13
130171,17
130172,20
130173,16
130174,17
130175,15
130176,18
130177,14
130178,11
130179,11
130180,13
130181,12
130182,18
130183,12
130184,16
130185,16
130186,11
130187,16
130188,17
130189,16
130190,16
130191,24
130192,17
130193,12
130194,13
130195,13
130196,18
130197,22
130198,21
130199,13
130200,13
130201,12
130202,15
130203,22
130204,15
130205,14
130206,14
130207,13
130208,17
130209,14
130210,11
130211,7
130212,12
130213,10
130214,15
130215,12
130216,18
130217,14
130218,13
130219,13
130220,22
130221,11
130222,13
130223,15
130224,20
130225,15
130226,11
130227,19
130228,14
130229,7
130230,21
130231,12
130232,14
130233,15
130234,15
130235,16
130236,21
130237,19
130238,17
130239,20
130240,19
130241,15
130242,13
130243,9
130244,19
130245,17
130246,15
130247,11
130248,10
130249,16
130250,9
130251,17
130252,11
130253,10
130254,18
130255,13
130256,15
130257,11
130258,16
130259,12
130260,9
130261,18
130262,13
130263,18
130264,16
130265,16
130266,14
130267,14
130268,14
130269,12
130270,17
130271,12
130272,16
130273,15
130274,13
130275,14
130276,10
130277,12
130278,15
130279,11
130280,15
130281,12
130282,11
130283,19
130284,15
130285,17
130286,17
130287,14
130288,15
130289,10
130290,8
130291,12
130292,13
130293,14
130294,12
130295,11
130296,15
130297,13
130298,11
130299,7
130300,18
130301,21
130302,11
130303,17
130304,28
130305,16
130306,11
130307,20
130308,15
130309,13
130310,9
130311,20
130312,11
130313,14
130314,15
130315,25
130316,9
130317,10
130318,19
130319,15
130320,16
130321,10
130322,15
130323,13
130324,16
130325,17
130326,16
130327,17
130328,11
130329,14
130330,13
130331,11
130332,7
130333,16
130334,15
130335,15
130336,20
130337,12
130338,16
130339,12
130340,10
130341,14
130342,14
130343,12
130344,15
130345,21
130346,13
130347,10
130348,17
130349,11
130350,12
130351,7
130352,18
130353,12
130354,8
130355,9
130356,15
130357,17
130358,11
130359,5
130360,11
130361,7
130362,16
130363,16
130364,14
130365,12
130366,9
130367,15
130368,18
130369,18
130370,16
130371,13
130372,16
130373,14
130374,19
130375,14
130376,18
130377,12
130378,15
130379,12
130380,12
130381,7
130382,11
130383,8
130384,21
130385,15
130386,16
130387,21
130388,19
130389,15
130390,22
130391,9
130392,18
130393,7
130394,12
130395,11
130396,10
130397,15
130398,16
130399,10
130400,20
130401,15
130402,12
130403,10
130404,13
130405,18
130406,20
130407,9
130408,13
130409,14
130410,17
130411,16
130412,15
130413,5
130414,13
130415,14
130416,16
130417,14
130418,16
130419,17
130420,14
130421,13
130422,13
130423,17
130424,7
130425,18
130426,12
130427,20
130428,22
130429,10
130430,16
130431,7
130432,19
130433,15
130434,10
130435,15
130436,11
130437,14
130438,12
130439,13
130440,13
130441,15
130442,14
130443,17
130444,9
130445,11
130446,15
130447,13
130448,12
130449,14
130450,21
130451,9
130452,14
130453,18
130454,18
130455,12
130456,18
130457,14
130458,19
130459,16
130460,18
130461,6
130462,17
130463,12
130464,14
130465,14
130466,16
130467,17
130468,8
130469,21
130470,16
130471,18
130472,16
130473,18
130474,16
130475,12
130476,11
130477,14
130478,13
130479,8
130480,18
130481,9
130482,15
130483,11
130484,12
130485,23
130486,21
130487,14
130488,17
130489,11
130490,20
130491,16
130492,11
130493,10
130494,17
130495,16
130496,20
130497,14
130498,15
130499,12
130500,13
130501,13
130502,17
130503,14
130504,16
130505,17
130506,10
130507,20
130508,10
130509,15
130510,12
130511,13
130512,16
130513,16
130514,18
130515,17
130516,21
130517,14
130518,11
130519,10
130520,11
130521,15
130522,16
130523,17
130524,12
130525,11
130526,15
130527,17
130528,18
130529,9
130530,12
130531,11
130532,9
130533,17
130534,10
130535,15
130536,8
130537,15
130538,9
130539,22
130540,22
130541,11
130542,10
130543,14
130544,12
130545,16
130546,11
130547,8
130548,12
130549,16
130550,20
130551,14
130552,8
130553,18
130554,31
130555,14
130556,14
130557,14
130558,8
130559,10
130560,19
130561,15
130562,15
130563,17
130564,14
130565,7
130566,13
130567,19
130568,16
130569,14
130570,12
130571,20
130572,9
130573,13
130574,18
130575,17
130576,20
130577,12
130578,12
130579,12
130580,10
130581,16
130582,15
130583,19
130584,10
130585,16
130586,14
130587,13
130588,13
130589,11
130590,14
130591,17
130592,22
130593,14
130594,8
130595,13
130596,16
130597,13
130598,12
130599,18
130600,16
130601,12
130602,12
130603,17
130604,15
130605,26
130606,9
130607,13
130608,13
130609,19
130610,14
130611,9
130612,8
130613,6
130614,11
130615,18
130616,18
130617,16
130618,14
130619,15
130620,15
130621,13
130622,16
130623,14
130624,23
130625,16
130626,10
130627,15
130628,14
130629,13
130630,18
130631,13
130632,13
130633,21
130634,14
130635,18
130636,22
130637,29
130638,18
130639,14
130640,12
130641,13
130642,14
130643,7
130644,18
130645,16
130646,9
130647,13
130648,14
130649,14
130650,21
130651,15
130652,16
130653,8
130654,10
130655,11
130656,22
130657,16
130658,12
130659,16
130660,15
130661,20
130662,9
130663,8
130664,16
130665,9
130666,13
130667,18
130668,13
130669,17
130670,13
130671,10
130672,22
130673,16
130674,13
130675,11
130676,19
130677,19
130678,13
130679,15
130680,20
130681,17
130682,15
130683,19
130684,15
130685,21
130686,11
130687,17
130688,10
130689,9
130690,9
130691,11
130692,8
130693,20
130694,15
130695,19
130696,21
130697,22
130698,20
130699,20
130700,20
130701,17
130702,14
130703,16
130704,20
130705,14
130706,16
130707,14
130708,16
130709,22
130710,19
130711,10
130712,14
130713,9
130714,15
130715,12
130716,14
130717,12
130718,16
130719,16
130720,20
130721,21
130722,20
130723,17
130724,8
130725,18
130726,13
130727,14
130728,12
130729,23
130730,9
130731,12
130732,17
130733,12
130734,18
130735,18
130736,24
130737,22
130738,14
130739,13
130740,23
130741,19
130742,12
130743,17
130744,22
130745,16
130746,13
130747,17
130748,13
130749,17
130750,14
130751,13
130752,15
130753,22
130754,13
130755,14
130756,18
130757,13
130758,14
130759,21
130760,19
130761,15
130762,15
130763,22
130764,20
130765,10
130766,13
130767,13
130768,18
130769,13
130770,12
130771,13
130772,19
130773,16
130774,11
130775,15
130776,18
130777,7
130778,22
130779,14
130780,15
130781,11
130782,6
130783,19
130784,24
130785,17
130786,19
130787,16
130788,24
130789,18
130790,14
130791,16
130792,18
130793,15
130794,20
130795,13
130796,22
130797,12
130798,15
130799,15
130800,21
130801,16
130802,19
130803,11
130804,13
130805,15
130806,20
130807,14
130808,12
130809,13
130810,15
130811,29
130812,6
130813,19
130814,30
130815,18
130816,27
130817,13
130818,18
130819,19
130820,12
130821,27
130822,20
130823,21
130824,18
130825,23
130826,15
130827,16
130828,11
130829,13
130830,13
130831,24
130832,20
130833,19
130834,22
130835,19
130836,22
130837,18
130838,23
130839,14
130840,21
130841,16
130842,14
130843,27
130844,13
130845,21
130846,14
130847,13
130848,28
130849,17
130850,13
130851,18
130852,17
130853,17
130854,19
130855,5
130856,17
130857,12
130858,19
130859,21
130860,13
130861,16
130862,20
130863,17
130864,31
130865,20
130866,20
130867,21
130868,22
130869,19
130870,27
130871,13
130872,18
130873,17
130874,14
130875,24
130876,15
130877,18
130878,21
130879,19
130880,16
130881,21
130882,24
130883,22
130884,15
130885,20
130886,19
130887,22
130888,15
130889,11
130890,13
130891,35
130892,11
130893,26
130894,13
130895,12
130896,22
130897,14
130898,20
130899,15
130900,18
130901,26
130902,21
130903,21
130904,12
130905,20
130906,19
130907,32
130908,12
130909,12
130910,20
130911,21
130912,18
130913,13
130914,17
130915,15
130916,14
130917,19
130918,14
130919,22
130920,22
130921,13
130922,26
130923,11
130924,19
130925,27
130926,23
130927,15
130928,21
130929,18
130930,13
130931,17
130932,19
130933,21
130934,16
130935,19
130936,12
130937,17
130938,18
130939,26
130940,26
130941,20
130942,15
130943,14
130944,26
130945,22
130946,20
130947,21
130948,18
130949,25
130950,20
130951,11
130952,29
130953,17
130954,16
130955,19
130956,18
130957,19
130958,21
130959,12
130960,26
130961,11
130962,23
130963,21
130964,12
130965,20
130966,20
130967,20
130968,16
130969,21
130970,18
130971,23
130972,19
130973,17
130974,23
130975,33
130976,35
130977,16
130978,20
130979,20
130980,10
130981,16
130982,35
130983,28
130984,13
130985,18
130986,28
130987,21
130988,22
130989,26
130990,26
130991,25
130992,29
130993,15
130994,27
130995,21
130996,22
130997,24
130998,16
130999,16
131000,14
131001,21
131002,28
131003,17
131004,19
131005,9
131006,24
131007,19
131008,26
131009,25
131010,24
131011,23
131012,22
131013,33
131014,14
131015,14
131016,27
131017,23
131018,15
131019,25
131020,20
131021,25
131022,17
131023,15
131024,24
131025,20
131026,15
131027,18
131028,24
131029,25
131030,21
131031,23
131032,24
131033,25
131034,22
131035,21
131036,22
131037,18
131038,21
131039,31
131040,28
131041,20
131042,21
131043,21
131044,19
131045,27
131046,18
131047,19
131048,14
131049,21
131050,29
131051,30
131052,24
131053,31
131054,15
131055,23
131056,26
131057,19
131058,18
131059,18
131060,19
131061,23
131062,22
131063,17
131064,15
131065,30
131066,20
131067,26
131068,26
131069,22
131070,27
131071,20
131072,21
131073,18
131074,21
131075,21
131076,24
131077,22
131078,16
131079,24
131080,23
131081,25
131082,22
131083,32
131084,18
131085,19
131086,20
131087,22
131088,26
131089,21
131090,30
131091,22
131092,18
131093,29
131094,18
131095,16
131096,19
131097,22
131098,24
131099,25
131100,21
131101,25
131102,17
131103,19
131104,31
131105,22
131106,21
131107,16
131108,22
131109,18
131110,20
131111,23
131112,22
131113,21
131114,22
131115,27
131116,25
131117,20
131118,18
131119,16
131120,32
131121,24
131122,21
131123,17
131124,17
131125,26
131126,13
131127,21
131128,15
131129,20
131130,19
131131,20
131132,29
131133,26
131134,21
131135,20
131136,37
131137,22
131138,25
131139,24
131140,27
131141,21
131142,24
131143,21
131144,19
131145,21
131146,29
131147,32
131148,14
131149,29
131150,16
131151,23
131152,38
131153,20
131154,28
131155,25
131156,22
131157,24
131158,28
131159,24
131160,22
131161,20
131162,28
131163,26
131164,25
131165,21
131166,23
131167,21
131168,33
131169,20
131170,23
131171,15
131172,30
131173,21
131174,28
131175,21
131176,25
131177,21
131178,29
131179,31
131180,18
131181,16
131182,14
131183,23
131184,39
131185,18
131186,24
131187,18
131188,19
131189,25
131190,18
131191,21
131192,24
131193,20
131194,25
131195,31
131196,15
131197,26
131198,31
131199,17
131200,33
131201,25
131202,23
131203,21
131204,15
131205,33
131206,28
131207,24
131208,23
131209,20
131210,23
131211,22
131212,24
131213,18
131214,25
131215,22
131216,30
131217,21
131218,23
131219,23
131220,30
131221,19
131222,31
131223,20
131224,25
131225,19
131226,26
131227,17
131228,22
131229,21
131230,23
131231,16
131232,26
131233,20
131234,24
131235,26
131236,25
131237,34
131238,24
131239,12
131240,22
131241,30
131242,27
131243,20
131244,28
131245,21
131246,31
131247,28
131248,23
131249,17
131250,18
131251,17
131252,22
131253,23
131254,20
131255,21
131256,20
131257,14
131258,28
131259,34
131260,25
131261,25
131262,14
131263,25
131264,39
131265,20
131266,20
131267,24
131268,30
131269,21
131270,17
131271,10
131272,27
131273,20
131274,20
131275,16
131276,20
131277,20
131278,22
131279,19
131280,33
131281,25
131282,22
131283,30
131284,16
131285,22
131286,32
131287,28
131288,25
131289,23
131290,26
131291,26
131292,17
131293,17
131294,15
131295,23
131296,24
131297,15
131298,11
131299,21
131300,17
131301,25
131302,26
131303,16
131304,25
131305,25
131306,26
131307,31
131308,18
131309,21
131310,11
131311,16
131312,22
131313,16
131314,18
131315,24
131316,18
131317,21
131318,20
131319,21
131320,16
131321,19
131322,20
131323,20
131324,22
131325,28
131326,23
131327,27
131328,21
131329,22
131330,14
131331,21
131332,12
131333,28
131334,18
131335,22
131336,13
131337,21
131338,13
131339,19
131340,20
131341,21
131342,21
131343,15
131344,26
131345,16
131346,10
131347,19
131348,20
131349,20
131350,30
131351,24
131352,18
131353,17
131354,18
131355,9
131356,15
131357,14
131358,13
131359,21
131360,22
131361,14
131362,15
131363,14
131364,15
131365,18
131366,17
131367,18
131368,17
131369,14
131370,26
131371,21
131372,14
131373,18
131374,20
131375,10
131376,19
131377,15
131378,13
131379,13
131380,19
131381,18
131382,22
131383,18
131384,16
131385,13
131386,10
131387,23
131388,19
131389,17
131390,25
131391,13
131392,30
131393,17
131394,13
131395,13
131396,13
131397,15
131398,16
131399,18
131400,15
131401,16
131402,15
131403,22
131404,19
131405,13
131406,18
131407,17
131408,20
131409,19
131410,12
131411,17
131412,17
131413,11
131414,14
131415,11
131416,18
131417,16
131418,20
131419,17
131420,14
131421,10
131422,14
131423,20
131424,27
131425,9
131426,22
131427,10
131428,16
131429,16
131430,17
131431,18
131432,19
131433,11
131434,19
131435,12
131436,14
131437,17
131438,13
131439,8
131440,28
131441,13
131442,15
131443,11
131444,15
131445,18
131446,12
131447,13
131448,14
131449,9
131450,10
131451,23
131452,6
131453,23
131454,9
131455,13
131456,18
131457,11
131458,14
131459,10
131460,17
131461,24
131462,9
131463,11
131464,15
131465,18
131466,7
131467,13
131468,12
131469,11
131470,15
131471,15
131472,13
131473,14
131474,8
131475,3
131476,4
131477,19
131478,13
131479,14
131480,13
131481,7
131482,11
131483,6
131484,3
131485,9
131486,7
131487,11
131488,13
131489,7
131490,15
131491,8
131492,17
131493,10
131494,13
131495,10
131496,15
131497,6
131498,12
131499,12
131500,11
131501,5
131502,5
131503,5
131504,10
131505,15
131506,14
131507,12
131508,11
131509,14
131510,6
131511,12
131512,10
131513,14
131514,12
131515,12
131516,9
131517,9
131518,10
131519,5
131520,10
131521,2
131522,7
131523,5
131524,14
131525,8
131526,10
131527,9
131528,8
131529,4
131530,13
131531,8
131532,9
131533,10
131534,9
131535,4
131536,10
131537,7
131538,8
131539,13
131540,4
131541,7
131542,8
131543,8
131544,3
131545,9
131546,8
131547,7
131548,6
131549,15
131550,1
131551,4
131552,12
131553,7
131554,9
131555,4
131556,3
131557,6
131558,8
131559,6
131560,8
131561,8
131562,7
131563,6
131564,5
131565,3
131566,4
131567,6
131568,7
131569,5
131570,7
131571,7
131572,8
131573,7
131574,13
131575,6
131576,6
131577,3
131578,3
131579,8
131580,8
131581,5
131582,3
131583,4
131584,3
131585,4
131586,5
131587,4
131588,7
131589,7
131590,6
131591,8
131592,6
131593,2
131594,6
131595,1
131596,2
131597,3
131598,5
131599,2
131600,5
131601,3
131602,2
131603,4
131604,2
131605,5
131606,7
131607,3
131608,2
131609,4
131610,4
131611,7
131612,4
131613,3
131614,6
131615,3
131616,3
131617,4
131618,6
131619,6
131620,3
131621,4
131622,3
131623,5
131624,4
131625,5
131626,3
131627,1
131628,4
131629,3
131630,8
131631,2
131632,1
131633,2
131634,5
131635,6
131636,3
131637,3
131638,4
131639,4
131640,1
131641,5
131642,5
131643,4
131644,1
131645,1
131646,2
131647,3
131648,3
131649,5
131650,3
131651,3
131652,1
131653,4
131654,2
131655,3
131656,4
131657,4
131658,3
131659,2
131660,2
131661,4
131662,6
131663,1
131664,2
131665,2
131666,1
131667,1
131668,1
131669,3
131670,3
131671,1
131672,6
131673,1
131674,2
131675,5
131676,3
131677,1
131678,3
131679,6
131680,1
131683,2
131685,2
131686,1
131688,1
131690,3
131691,3
131692,2
131693,2
131695,2
131696,2
131698,4
131699,2
131700,1
131701,3
131702,2
131703,1
131704,1
131705,1
131706,2
131707,3
131708,1
131710,1
131711,1
131712,3
131713,1
131716,1
131717,3
131720,1
131725,1
131726,2
131727,2
131728,2
131729,1
131730,1
131733,2
131734,2
131735,2
131737,1
131738,1
131739,1
131740,1
131741,3
131744,1
131745,1
131746,1
131747,1
131748,1
131749,2
131751,2
131754,1
131755,1
131759,1
131760,1
131761,1
131763,2
131769,4
131770,1
131774,1
131777,1
131778,1
131780,1
131782,1
131785,1
131787,1
131790,2
131792,1
131793,1
131797,1
131808,1
131809,1
131811,1
131816,1
131818,1
131834,1
131864,1
131867,1
131907,1
131933,1
