172679,1
193504,1
197120,1
197696,1
198739,1
203609,1
203801,1
206067,1
206771,1
207226,1
208557,1
209401,1
210874,1
210880,1
211386,1
211501,1
211738,1
212089,1
212416,1
212646,1
212979,1
214925,1
215955,1
215968,1
216794,1
217612,1
217735,1
217926,1
217933,1
218310,1
218394,1
218451,1
218976,1
219072,1
219309,1
219559,1
219744,1
219885,1
219961,1
220071,1
220147,1
220326,1
220467,1
220499,1
220505,1
220595,1
220768,1
221024,1
221165,1
221350,1
221536,1
221703,1
221766,1
221786,1
221926,1
221952,1
222028,1
222093,1
222105,1
222138,1
222234,1
222375,1
222381,1
222426,1
222553,1
222611,1
222931,1
222957,1
223098,1
223168,1
223174,1
223373,1
223405,1
223437,1
223520,1
223616,1
223628,1
223674,1
223827,1
223923,1
224058,1
224224,1
224256,1
224275,1
224307,1
224422,1
224480,1
224518,1
224717,1
224775,1
224813,1
224890,1
224915,1
224966,1
224972,1
225063,1
225082,1
225114,1
225133,1
225139,1
225152,1
225229,1
225248,1
225318,1
225357,1
225504,1
225664,1
225683,1
225939,1
225991,1
226010,1
226028,1
226048,1
226157,1
226208,1
226259,1
226330,1
226368,1
226374,1
226381,1
226394,1
226464,1
226490,1
226496,2
226509,1
226528,1
226541,1
226617,1
226669,1
226695,1
226707,1
226784,1
226835,1
226860,1
226931,1
227092,1
227104,1
227155,1
227162,1
227219,1
227258,1
227264,1
227271,1
227283,1
227289,1
227526,1
227533,1
227604,1
227610,1
227629,1
227673,1
227680,1
227725,2
227763,1
227802,1
227865,1
227917,1
227949,1
227968,1
227974,1
228000,1
228012,1
228025,1
228032,2
228038,1
228077,1
228090,1
228102,1
228122,1
228141,1
228160,1
228173,1
228217,1
228218,1
228256,1
228276,1
228282,1
228320,1
228391,1
228410,1
228480,1
228557,1
228569,1
228685,1
228812,1
228820,1
228839,1
228876,1
228908,1
228972,1
228980,1
229011,1
229017,1
229018,1
229024,1
229056,1
229069,1
229133,1
229152,1
229197,1
229235,2
229280,1
229338,1
229350,1
229363,1
229388,1
229497,1
229600,1
229613,1
229657,1
229670,1
229696,1
229702,1
229703,1
229709,2
229721,1
229786,1
229805,1
229824,1
229849,1
229895,1
229933,1
229945,1
229946,1
230016,1
230048,1
230067,1
230118,1
230202,1
230227,1
230259,1
230266,1
230278,1
230323,1
230330,1
230381,1
230387,1
230419,1
230451,1
230458,1
230464,1
230541,1
230548,1
230553,1
230554,1
230573,1
230592,1
230599,1
230637,1
230650,1
230656,1
230675,1
230694,1
230714,1
230739,1
230746,1
230784,1
230809,1
230816,1
230841,1
230848,1
230944,1
230950,1
230988,2
231040,1
231046,1
231047,1
231059,1
231079,1
231091,2
231123,1
231129,1
231213,1
231239,1
231271,1
231276,1
231289,1
231290,1
231309,1
231315,1
231321,1
231328,1
231386,1
231392,1
231405,1
231418,1
231424,1
231462,1
231469,1
231475,1
231494,1
231507,1
231539,1
231597,2
231609,1
231610,1
231693,1
231699,1
231718,1
231744,1
231763,2
231789,3
231821,1
231833,2
231840,1
231885,1
231904,1
231910,1
231924,1
231929,1
231956,1
231968,1
232051,1
232057,1
232064,1
232083,1
232109,1
232141,1
232147,1
232173,1
232179,1
232205,1
232218,1
232224,2
232230,1
232237,1
232243,1
232263,2
232282,1
232314,1
232352,1
232358,1
232359,2
232365,1
232397,1
232403,2
232409,1
232441,1
232467,1
232480,1
232506,1
232518,1
232519,1
232537,1
232544,1
232563,1
232569,1
232588,1
232608,1
232621,1
232684,1
232685,1
232710,1
232716,1
232724,1
232761,1
232768,2
232774,1
232775,1
232780,1
232781,1
232787,1
232800,1
232807,1
232852,1
232928,1
232941,1
232979,1
232992,1
233004,1
233011,1
233018,1
233044,2
233069,1
233088,1
233190,1
233203,1
233241,1
233242,1
233261,1
233274,1
233305,1
233306,1
233337,1
233369,1
233376,1
233382,1
233395,2
233408,1
233491,1
233492,1
233524,1
233555,1
233556,1
233574,1
233575,1
233581,1
233594,1
233607,1
233613,1
233670,1
233677,1
233683,1
233696,1
233702,1
233709,1
233735,1
233740,1
233748,1
233753,1
233792,2
233811,1
233830,1
233837,1
233862,1
233875,1
233881,1
233882,1
233895,2
233913,1
233920,2
233958,1
233978,1
234010,1
234022,1
234093,1
234100,1
234106,1
234112,1
234170,1
234202,1
234240,1
234272,1
234324,1
234355,1
234471,2
234490,1
234521,1
234528,1
234548,1
234573,1
234611,3
234637,1
234669,1
234694,1
234695,1
234708,1
234733,2
234784,1
234796,1
234804,1
234829,1
234841,1
234842,1
234854,1
234880,1
234905,1
234925,1
234937,1
234957,1
235027,1
235040,1
235066,1
235123,1
235136,2
235142,1
235155,2
235161,1
235162,1
235168,1
235180,1
235200,1
235207,1
235213,1
235251,1
235257,1
235264,1
235284,1
235289,1
235296,1
235334,2
235348,1
235379,1
235404,1
235417,1
235430,1
235450,2
235462,2
235463,1
235469,1
235482,1
235488,1
235507,2
235520,1
235552,1
235564,1
235597,1
235628,1
235635,1
235636,1
235692,1
235699,1
235712,1
235718,1
235757,1
235789,2
235802,1
235821,1
235833,1
235834,3
235840,1
235847,1
235859,1
235866,1
235872,2
235897,1
235930,1
235936,2
235955,1
235981,1
236026,1
236052,1
236141,2
236147,1
236160,2
236167,1
236199,1
236224,1
236269,1
236282,1
236371,1
236377,1
236384,1
236391,1
236397,1
236410,1
236416,2
236442,1
236461,1
236473,3
236474,2
236486,1
236493,2
236512,1
236569,1
236628,1
236646,1
236672,1
236729,1
236743,1
236755,1
236756,1
236762,1
236768,1
236787,1
236788,1
236826,1
236838,2
236889,1
236902,1
236909,1
236915,1
236960,1
236985,1
236999,1
237044,2
237068,1
237100,2
237107,1
237108,1
237133,1
237139,1
237152,1
237191,1
237203,1
237228,1
237241,1
237248,1
237261,1
237267,1
237280,1
237324,1
237351,1
237395,1
237401,1
237472,1
237510,1
237536,1
237543,1
237549,2
237574,1
237575,1
237587,1
237594,2
237606,1
237607,1
237619,1
237620,1
237626,2
237632,1
237645,1
237657,2
237658,1
237684,1
237690,1
237703,1
237708,1
237740,1
237753,1
237772,1
237786,1
237811,1
237824,1
237831,1
237843,1
237875,1
237876,1
237888,1
237907,1
237965,2
237972,1
238003,1
238041,1
238054,1
238061,1
238067,1
238073,2
238118,1
238132,1
238137,1
238138,1
238144,1
238151,1
238157,1
238196,1
238202,1
238208,2
238215,2
238220,1
238253,1
238259,1
238304,1
238311,1
238323,1
238342,2
238355,1
238368,1
238400,1
238406,2
238457,1
238464,2
238476,1
238503,1
238515,1
238572,1
238573,1
238580,1
238592,1
238637,1
238656,1
238669,1
238682,1
238694,1
238707,1
238714,2
238758,3
238784,2
238796,1
238822,1
238835,1
238841,1
238842,1
238854,2
238867,1
238893,1
238919,1
238931,1
238944,2
238957,1
238983,1
238996,1
239002,1
239008,1
239014,1
239046,2
239059,1
239084,1
239091,1
239136,1
239155,1
239174,1
239194,1
239213,1
239219,1
239226,1
239296,1
239302,1
239309,2
239315,1
239322,1
239328,3
239334,1
239341,1
239385,1
239405,1
239443,1
239444,1
239469,1
239482,1
239507,2
239520,2
239526,1
239539,1
239571,1
239572,1
239584,1
239591,1
239603,1
239604,1
239610,1
239648,1
239668,1
239680,1
239686,1
239692,1
239693,1
239789,1
239795,1
239808,1
239827,1
239834,1
239840,1
239859,1
239865,1
239897,1
239924,1
239968,1
239975,1
239987,1
240019,1
240025,1
240044,1
240045,1
240121,1
240135,1
240154,1
240160,1
240186,1
240192,2
240243,1
240244,1
240294,1
240301,1
240308,1
240313,1
240339,1
240346,1
240352,1
240358,1
240384,1
240404,1
240409,1
240423,1
240435,2
240460,1
240474,1
240492,1
240493,1
240512,1
240525,1
240556,1
240563,1
240564,1
240576,1
240620,1
240621,1
240665,1
240672,1
240711,1
240717,1
240723,1
240729,1
240736,1
240743,1
240749,1
240768,1
240781,1
240787,1
240807,2
240832,1
240839,1
240844,2
240845,1
240864,2
240896,1
240902,1
240908,1
240921,1
240941,1
241018,1
241024,1
241068,1
241088,1
241094,1
241107,2
241126,1
241139,2
241145,1
241159,1
241171,1
241196,1
241203,2
241210,1
241242,1
241255,1
241267,2
241268,1
241292,1
241293,1
241300,1
241305,1
241312,1
241318,1
241351,1
241382,2
241401,1
241402,1
241408,1
241460,1
241466,1
241478,1
241485,2
241497,2
241510,1
241523,1
241529,1
241530,1
241561,1
241568,1
241574,2
241619,1
241645,1
241651,1
241664,1
241670,1
241671,1
241677,2
241689,1
241740,1
241780,1
241786,1
241799,1
241817,1
241818,1
241824,1
241869,1
241882,2
241900,1
241907,1
241908,1
241952,2
241965,1
241971,2
241990,2
242067,1
242093,1
242099,2
242105,1
242112,1
242131,1
242157,1
242163,1
242164,1
242189,1
242215,2
242265,1
242272,1
242285,1
242310,1
242311,1
242355,2
242361,1
242419,1
242432,1
242445,1
242477,1
242490,2
242502,3
242522,1
242535,1
242567,1
242573,1
242579,2
242586,2
242592,1
242598,1
242599,1
242617,1
242624,1
242643,1
242649,1
242650,1
242656,1
242669,1
242720,1
242739,1
242746,2
242752,2
242771,1
242778,1
242796,1
242835,1
242841,1
242848,1
242860,1
242880,1
242899,1
242905,1
242925,1
242931,2
242944,1
242957,1
242963,1
242989,1
243001,1
243021,1
243027,2
243033,1
243040,2
243052,1
243078,1
243084,1
243085,1
243092,1
243104,1
243117,2
243149,1
243175,1
243225,1
243238,1
243239,1
243258,1
243277,1
243289,1
243302,1
243303,1
243315,1
243322,1
243347,1
243379,1
243431,1
243469,1
243475,1
243533,1
243539,2
243545,1
243559,1
243578,1
243584,1
243596,1
243623,1
243635,1
243642,1
243654,1
243687,1
243692,1
243706,1
243712,1
243731,1
243757,1
243783,1
243789,1
243808,1
243820,1
243834,1
243866,1
243879,1
243910,1
243911,1
243942,1
243949,1
243961,1
243968,2
243993,1
244000,1
244006,1
244026,1
244045,1
244064,1
244083,1
244096,1
244122,1
244128,1
244147,1
244166,1
244186,1
244198,1
244230,1
244231,1
244237,1
244263,1
244275,1
244282,2
244320,1
244346,1
244352,1
244358,1
244359,1
244371,1
244377,1
244378,1
244384,1
244409,1
244429,1
244435,1
244454,1
244461,1
244467,1
244474,1
244480,2
244499,1
244538,1
244544,3
244570,1
244576,1
244582,3
244583,1
244589,1
244595,1
244608,1
244627,1
244672,1
244679,1
244685,1
244691,1
244697,1
244711,1
244717,1
244749,1
244756,1
244761,2
244793,1
244806,1
244813,1
244832,1
244838,1
244839,1
244845,2
244857,1
244871,1
244884,1
244896,1
244909,3
244947,1
244966,1
244992,1
245018,1
245050,1
245075,1
245081,1
245082,1
245094,1
245101,1
245114,2
245140,1
245152,2
245171,1
245184,1
245190,1
245203,1
245209,1
245216,1
245299,2
245376,1
245414,1
245434,2
245440,1
245453,1
245459,1
245504,1
245524,1
245529,1
245568,1
245575,1
245625,2
245626,1
245651,1
245664,1
245670,1
245676,1
245677,1
245696,1
245703,1
245709,1
245740,1
245779,1
245786,1
245837,1
245850,1
245856,1
245888,1
245913,1
245927,1
245978,1
245984,2
246004,1
246009,1
246016,1
246022,1
246035,1
246036,1
246048,1
246067,1
246074,3
246080,1
246086,1
246099,1
246106,1
246144,1
246170,1
246176,2
246188,1
246195,1
246234,1
246246,1
246310,2
246311,1
246330,1
246349,1
246355,1
246381,1
246387,2
246406,3
246413,1
246432,2
246438,2
246451,1
246470,1
246503,1
246509,1
246541,1
246554,1
246567,1
246579,1
246592,1
246599,1
246605,1
246617,1
246618,1
246624,1
246630,1
246649,1
246656,1
246669,1
246701,1
246720,1
246732,1
246745,1
246746,1
246765,1
246777,1
246778,1
246784,1
246790,1
246804,1
246810,1
246816,1
246848,2
246854,1
246867,1
246880,1
246887,1
246893,2
246899,1
246925,1
246931,1
246970,1
247008,2
247015,1
247040,1
247052,1
247059,2
247085,1
247091,1
247104,1
247110,1
247123,1
247136,1
247155,1
247168,1
247181,1
247194,1
247226,1
247232,1
247239,1
247245,1
247251,1
247315,1
247322,1
247341,2
247348,1
247366,2
247373,1
247424,2
247437,1
247443,1
247475,1
247482,1
247488,1
247495,1
247520,1
247565,1
247597,1
247603,1
247616,2
247629,1
247635,1
247641,1
247725,1
247750,1
247757,1
247776,2
247789,1
247808,1
247853,1
247872,2
247885,1
247898,1
247910,2
247911,1
247929,1
247968,1
247981,1
248000,1
248019,1
248026,2
248051,1
248058,1
248064,1
248115,2
248116,1
248121,1
248141,1
248154,1
248185,1
248224,1
248250,1
248262,2
248308,1
248352,1
248365,1
248378,1
248448,2
248454,2
248461,1
248467,1
248500,1
248505,1
248537,1
248538,1
248544,2
248564,1
248576,2
248602,1
248634,1
248678,1
248684,1
248730,2
248749,1
248775,1
248781,1
248787,1
248794,1
248813,1
248819,1
248845,1
248877,1
248890,2
248896,1
248915,1
248934,2
248960,2
248973,1
248992,1
248998,1
249004,1
249005,1
249030,1
249043,1
249050,1
249101,1
249127,1
249152,2
249197,1
249229,1
249235,2
249242,1
249280,1
249331,1
249332,1
249363,1
249370,2
249382,1
249401,2
249434,1
249440,1
249459,1
249466,1
249472,1
249485,1
249498,1
249504,1
249542,1
249587,2
249600,3
249620,1
249632,2
249651,1
249664,1
249670,1
249677,2
249684,1
249690,1
249722,1
249728,1
249734,1
249735,1
249766,1
249767,1
249779,1
249824,1
249856,1
249869,1
249920,1
249927,1
249939,1
249952,1
249965,1
249972,1
249977,1
249997,1
250029,1
250041,1
250067,1
250080,2
250112,1
250131,1
250151,1
250157,1
250221,1
250227,1
250252,1
250253,1
250259,2
250266,1
250285,1
250297,2
250298,1
250317,2
250349,2
250355,1
250361,1
250374,2
250375,1
250387,1
250388,1
250394,1
250407,1
250471,1
250490,1
250496,1
250508,1
250528,1
250535,2
250541,1
250554,1
250566,1
250586,1
250592,1
250605,1
250618,1
250631,1
250643,1
250656,2
250694,1
250726,1
250739,1
250745,1
250752,1
250790,1
250797,1
250828,1
250912,1
250964,1
250989,1
250995,1
250996,1
251027,1
251053,1
251104,3
251136,1
251168,1
251194,1
251219,1
251238,1
251257,1
251328,1
251334,1
251341,1
251360,1
251366,1
251379,2
251392,1
251405,1
251475,1
251476,1
251482,1
251501,1
251526,1
251533,1
251546,2
251673,1
251744,1
251776,1
251789,1
251833,1
251853,1
251859,1
251872,1
251891,3
251897,1
251923,1
251968,1
252032,1
252045,1
252121,1
252141,1
252217,1
252249,1
252256,1
252281,1
252294,1
252320,1
252333,1
252352,1
252384,1
252391,1
252435,1
252448,1
252512,2
252525,1
252531,1
252557,1
252563,1
252621,1
252633,1
252640,1
252679,1
252749,1
252761,1
252839,1
252851,1
252902,2
252903,1
252928,1
252966,1
252979,1
253011,1
253075,1
253076,1
253082,1
253088,1
253101,2
253133,2
253171,1
253229,1
253254,1
253268,1
253286,1
253293,1
253305,1
253338,1
253389,1
253395,1
253402,1
253446,1
253465,1
253492,1
253555,1
253620,1
253638,1
253728,1
253735,1
253799,1
253805,1
253849,1
253856,1
253862,1
253894,2
253926,2
253991,1
254073,1
254080,1
254176,1
254208,1
254304,1
254316,1
254368,1
254400,2
254413,1
254470,1
254483,1
254489,1
254534,1
254535,1
254554,1
254560,1
254586,1
254611,1
254624,1
254650,1
254740,1
254803,1
254861,1
254867,1
254912,1
254938,1
254950,1
254976,1
255002,1
255028,1
255033,1
255046,1
255053,1
255085,1
255091,1
255117,1
255174,1
255187,1
255283,1
255341,1
255386,1
255392,1
255424,1
255437,1
255449,1
255520,1
255565,1
255571,1
255604,1
255629,1
255642,1
255654,1
255668,2
255706,1
255788,1
255814,1
255833,1
255878,1
255916,1
255936,2
255942,1
255955,2
255988,1
256020,1
256038,1
256052,1
256122,1
256147,2
256153,1
256185,1
256192,1
256224,1
256307,1
256377,2
256391,1
256467,1
256473,1
256480,1
256525,1
256595,1
256615,1
256679,1
256698,1
256723,1
256742,1
256768,1
256787,1
256800,1
256832,1
256890,1
256909,1
256928,1
256954,1
256966,1
257037,1
257056,1
257062,1
257095,1
257107,1
257178,1
257216,1
257261,1
257273,1
257280,1
257318,1
257344,1
257369,1
257427,2
257459,1
257478,1
257556,1
257587,1
257626,1
257664,1
257702,1
257773,1
257779,1
257785,1
257798,1
257818,1
257862,1
257907,1
257914,1
257926,1
257932,1
257978,1
258041,1
258099,1
258100,1
258125,1
258138,1
258170,2
258176,1
258253,1
258259,1
258355,1
258361,1
258375,1
258381,1
258419,1
258439,1
258445,1
258458,1
258471,1
258496,1
258503,1
258522,1
258567,1
258585,1
258586,1
258599,1
258611,1
258637,1
258650,1
258656,1
258669,1
258701,1
258714,1
258720,1
258772,1
258797,1
258823,1
258836,1
258861,1
258893,1
258989,1
259001,1
259021,1
259027,1
259092,1
259104,1
259136,1
259168,1
259251,1
259252,1
259283,1
259322,1
259334,1
259353,1
259373,1
259456,1
259468,1
259481,1
259539,1
259545,1
259552,1
259558,1
259578,1
259654,1
259661,1
259712,1
259718,1
259757,1
259788,1
259789,1
259801,1
259808,1
259834,1
259949,1
260000,1
260090,1
260109,1
260192,1
260218,1
260256,1
260327,2
260352,1
260378,1
260391,1
260397,1
260410,1
260550,1
260576,1
260583,1
260595,2
260601,1
260602,1
260614,1
260653,1
260672,1
260704,1
260755,1
260761,1
260813,1
260826,1
260851,1
260922,1
260928,2
260935,1
260960,1
260992,1
261005,1
261012,1
261082,1
261171,1
261190,2
261203,1
261216,1
261222,1
261229,1
261248,1
261260,1
261273,1
261287,1
261325,1
261350,1
261382,1
261408,1
261415,1
261440,1
261459,1
261504,1
261517,1
261580,1
261594,1
261638,1
261657,1
261696,1
261722,1
261734,1
261766,1
261817,1
261843,1
261862,1
261882,1
261939,1
261952,1
261959,1
261996,1
262041,1
262093,2
262105,2
262112,1
262138,1
262144,2
262183,1
262214,1
262221,1
262227,1
262233,1
262278,1
262279,1
262336,1
262342,1
262355,1
262356,1
262400,1
262432,1
262483,1
262490,1
262502,2
262515,1
262553,1
262579,1
262592,1
262643,1
262675,1
262688,1
262714,1
262733,1
262739,1
262829,1
262842,1
262855,1
262874,1
262880,2
262944,1
262976,1
262983,1
262988,1
262995,1
263014,1
263020,1
263040,1
263053,1
263078,1
263161,1
263187,1
263219,1
263226,1
263232,1
263264,1
263379,1
263411,1
263412,1
263430,1
263437,1
263443,1
263456,1
263559,1
263596,1
263648,1
263673,1
263750,1
263763,1
263770,1
263859,3
263865,1
263872,1
263878,1
263911,1
263942,1
263949,1
263962,1
263968,1
263987,1
263993,1
264019,1
264071,1
264089,1
264122,1
264186,1
264243,1
264262,1
264294,1
264320,1
264346,1
264359,1
264384,1
264397,1
264409,2
264410,1
264461,1
264525,1
264537,1
264557,1
264582,1
264589,1
264621,1
264653,1
264672,1
264678,1
264692,1
264730,1
264749,1
264768,2
264775,1
264838,1
264857,1
264864,1
264915,1
264922,1
264934,1
264954,1
264973,1
265004,1
265011,1
265018,1
265050,1
265081,1
265082,1
265094,1
265108,1
265241,1
265332,1
265363,1
265376,1
265389,1
265440,1
265447,1
265460,1
265523,1
265575,1
265625,1
265748,1
265799,1
265831,1
265869,1
265900,1
265927,1
265984,1
266009,1
266048,1
266054,1
266067,1
266073,1
266080,1
266118,1
266144,1
266150,1
266176,2
266189,1
266221,1
266240,1
266291,1
266323,2
266324,1
266336,1
266432,1
266496,1
266502,1
266573,1
266636,1
266637,1
266714,1
266720,1
266745,1
266758,1
266771,1
266791,1
266841,1
266855,1
266912,1
266931,1
266932,1
267021,1
267027,1
267040,1
267046,1
267123,1
267226,1
267321,1
267341,1
267373,1
267443,1
267584,1
267642,1
267654,1
267673,1
267674,1
267693,1
267757,1
267795,1
267808,1
267859,1
267866,1
267891,1
267911,1
268000,1
268025,1
268057,1
268064,1
268070,1
268083,1
268115,1
268153,1
268166,1
268173,1
268198,1
268256,1
268288,1
268313,2
268339,1
268345,1
268391,1
268409,1
268435,1
268448,1
268499,1
268500,1
268512,2
268519,2
268537,1
268550,1
268569,1
268576,1
268646,1
268660,1
268717,1
268736,1
268762,1
268807,1
268909,1
269081,1
269088,1
269101,1
269120,1
269139,1
269178,1
269184,1
269229,1
269248,1
269254,1
269305,1
269312,2
269331,1
269332,1
269344,2
269363,2
269395,1
269415,1
269421,1
269465,1
269498,1
269504,1
269574,1
269575,1
269587,1
269607,1
269684,1
269715,1
269740,1
269895,1
269914,1
269939,1
269946,1
269958,1
270003,1
270010,1
270016,1
270118,1
270131,1
270163,1
270170,1
270196,1
270329,1
270355,1
270432,1
270489,1
270502,1
270534,1
270573,1
270598,1
270624,1
270637,1
270662,1
270688,3
270695,1
270777,1
270797,1
270823,1
270868,1
270937,1
270944,1
271180,1
271188,1
271303,1
271315,1
271501,1
271514,1
271603,1
271654,1
271693,2
271737,1
271795,1
271859,1
271936,1
272006,1
272070,1
272071,1
272077,1
272083,1
272109,2
272134,1
272167,1
272307,1
272320,1
272416,1
272512,2
272524,1
272595,1
272627,1
272634,1
272653,1
272678,1
272742,1
272768,1
272787,1
272883,1
272909,1
272986,1
273005,1
273011,1
273050,1
273063,1
273076,1
273088,2
273146,1
273165,1
273197,1
273229,1
273235,1
273261,2
273299,1
273421,1
273472,1
273542,1
273575,1
273683,1
273722,1
273747,1
273779,1
273785,1
273818,2
273875,1
273901,1
273907,2
273952,1
274023,1
274061,1
274080,1
274086,1
274125,1
274164,1
274202,1
274240,1
274247,1
274253,1
274298,1
274317,1
274330,2
274355,1
274464,1
274502,1
274534,1
274573,1
274643,1
274656,1
274675,1
274720,1
274733,2
274746,1
274764,1
274765,1
274790,1
274796,1
274835,1
274841,1
274874,1
274886,1
274905,1
274931,1
274951,1
274963,1
274995,1
275020,1
275046,1
275078,1
275091,1
275111,2
275117,1
275123,1
275187,1
275226,1
275251,2
275252,1
275290,1
275321,1
275417,1
275450,1
275501,1
275507,1
275520,1
275527,1
275540,1
275545,1
275558,1
275571,1
275623,1
275712,1
275744,1
275795,1
275802,1
275808,1
275898,1
275911,1
275923,1
275924,1
275974,1
275981,1
276071,1
276102,2
276134,1
276147,1
276153,1
276160,1
276218,1
276250,1
276294,1
276301,1
276314,1
276320,2
276339,1
276352,1
276358,1
276397,1
276423,1
276493,1
276518,1
276576,1
276614,1
276659,1
276711,1
276723,2
276736,1
276775,1
276877,1
276903,1
276915,1
276979,1
276980,1
277005,1
277011,1
277037,1
277108,1
277158,1
277177,1
277190,1
277203,1
277248,1
277273,1
277274,1
277293,1
277299,1
277356,1
277408,1
277427,1
277433,1
277561,1
277606,1
277619,1
277625,1
277645,1
277683,1
277696,1
277716,1
277734,1
277753,1
277760,1
277792,1
277804,1
277812,1
277817,1
278035,1
278036,1
278042,1
278144,1
278157,1
278176,1
278182,1
278195,2
278208,1
278266,1
278304,1
278406,1
278541,1
278566,1
278579,1
278598,1
278618,1
278630,1
278694,1
278746,2
278771,1
278777,1
278804,1
278816,1
278861,1
278880,1
278886,1
278925,1
278970,1
278982,1
278996,1
279008,1
279028,1
279059,1
279066,1
279072,1
279097,1
279117,1
279143,1
279200,1
279232,1
279270,1
279283,1
279328,1
279399,1
279405,1
279494,1
279520,1
279559,1
279603,1
279616,1
279629,1
279641,1
279648,3
279654,1
279674,1
279725,1
279744,1
279751,1
279853,1
279859,1
279866,1
279897,1
279936,1
279981,1
280000,1
280012,1
280083,1
280090,1
280109,1
280134,1
280141,1
280148,1
280179,1
280198,1
280199,1
280212,1
280217,1
280230,1
280262,1
280320,1
280346,1
280352,1
280390,2
280397,1
280436,1
280455,1
280512,2
280531,1
280570,1
280583,1
280665,1
280672,1
280678,1
280691,1
280698,1
280716,1
280794,1
280812,1
280832,1
280839,1
280902,1
280941,1
280960,1
280973,1
281011,1
281049,1
281050,1
281075,1
281095,1
281107,1
281114,1
281228,1
281280,2
281363,1
281370,1
281408,1
281446,1
281492,1
281498,1
281536,1
281562,1
281625,1
281632,1
281677,1
281721,1
281728,1
281760,1
281767,1
281773,1
281811,1
281843,1
281869,1
281888,1
281914,2
281939,1
281997,2
282016,1
282029,1
282035,1
282041,1
282042,1
282061,1
282105,1
282138,1
282150,1
282202,1
282285,1
282336,1
282361,1
282362,1
282425,1
282483,1
282496,1
282515,1
282522,2
282535,1
282541,1
282547,1
282663,1
282720,1
282771,1
282810,1
282836,1
282868,1
282931,1
282944,1
283021,1
283027,1
283072,1
283078,1
283104,1
283149,1
283258,1
283308,1
283322,1
283399,1
283405,1
283424,1
283513,1
283526,1
283564,1
283661,1
283680,1
283718,1
283757,1
283776,1
283834,1
283847,1
283885,1
283898,1
283904,2
283949,1
283975,1
284172,1
284192,2
284224,1
284275,1
284301,1
284333,1
284384,3
284397,1
284423,1
284429,1
284474,1
284487,1
284537,1
284563,1
284595,1
284608,1
284691,1
284768,1
284800,1
284812,1
284838,1
284890,1
284896,1
284903,1
284909,1
284928,1
284935,1
285037,1
285069,2
285075,1
285127,1
285145,1
285165,1
285184,1
285203,1
285229,1
285312,1
285319,1
285350,1
285369,1
285440,1
285516,1
285536,1
285549,1
285555,1
285632,2
285639,1
285645,2
285684,1
285696,1
285760,2
285779,1
285792,1
285849,1
285895,1
285901,1
285964,1
285984,1
285991,1
285997,1
286087,2
286183,1
286195,1
286201,1
286323,1
286349,1
286394,1
286432,3
286484,1
286496,1
286522,1
286553,1
286554,1
286637,1
286656,1
286675,2
286681,1
286694,1
286778,1
286848,2
286854,1
286861,1
286887,1
286919,1
286931,2
286956,1
286964,1
286976,1
287200,1
287213,1
287226,1
287270,1
287276,1
287277,1
287334,1
287347,1
287354,1
287379,1
287405,2
287475,1
287488,1
287513,1
287559,1
287565,1
287673,2
287712,1
287737,1
287789,1
287827,1
287847,1
287853,1
287878,1
287884,1
287974,1
287981,1
288013,1
288019,1
288070,1
288090,1
288154,1
288192,1
288333,1
288365,1
288435,1
288442,1
288492,1
288493,2
288569,1
288576,2
288608,1
288679,1
288691,1
288774,1
288858,1
288889,1
288909,1
288935,1
288941,1
289127,1
289152,1
289158,1
289338,1
289395,1
289427,1
289523,1
289530,2
289805,1
289843,1
289862,1
289914,1
289984,1
289996,1
290016,1
290041,1
290054,1
290150,1
290189,1
290215,1
290265,1
290291,1
290304,1
290329,2
290349,1
290413,1
290432,1
290464,2
290490,1
290585,1
290688,1
290720,1
290726,1
290784,1
290841,1
290892,1
290906,1
290931,1
290956,1
291002,1
291053,1
291123,1
291148,1
291168,1
291219,1
291239,1
291405,1
291610,1
291719,1
291757,1
291840,1
291948,1
292013,1
292051,1
292064,1
292077,1
292140,1
292167,1
292199,1
292224,1
292268,1
292269,1
292275,1
292282,2
292307,1
292384,1
292435,1
292448,1
292505,1
292512,1
292563,1
292634,1
292646,1
292659,1
292698,1
292800,1
292807,1
292857,1
292902,1
292916,1
292967,1
292986,1
293017,1
293107,1
293223,1
293286,1
293312,1
293325,1
293382,1
293389,1
293395,1
293440,1
293446,1
293478,1
293645,1
293658,1
293670,1
293702,1
293715,1
293798,1
293830,2
293856,1
293926,1
293952,1
294029,1
294188,1
294202,1
294227,1
294252,1
294266,1
294330,1
294355,1
294368,1
294567,1
294573,1
294643,1
294688,1
294733,1
294752,1
294784,1
294886,1
294912,1
294950,1
295059,1
295148,1
295193,1
295200,1
295212,1
295213,1
295245,1
295354,1
295412,1
295417,1
295430,1
295475,1
295520,1
295661,1
295699,1
295770,1
295833,1
295853,1
295878,1
295923,2
295942,1
295968,1
296032,1
296039,1
296083,2
296090,1
296269,1
296282,1
296307,1
296346,1
296460,1
296480,1
296538,1
296730,1
296736,1
296825,1
296857,1
296947,1
296960,1
297056,1
297069,1
297082,1
297126,1
297140,1
297164,1
297216,1
297293,1
297395,1
297421,1
297543,1
297561,1
297613,1
297619,1
297651,1
297689,1
297703,1
297735,1
297862,1
297882,1
297894,1
297901,1
298086,1
298099,1
298169,1
298604,1
298720,1
298727,1
298739,1
298957,1
298963,1
298989,1
299046,1
299149,1
299187,1
299232,1
299283,1
299328,1
299334,2
299354,1
299418,1
299430,1
299494,1
299527,1
299648,1
299776,1
299898,1
299949,1
300045,1
300154,1
300160,1
300167,1
300236,1
300249,1
300262,1
300326,1
300410,1
300441,1
300461,2
300486,1
300518,1
300589,1
300595,1
300640,2
300672,1
300691,1
300723,1
300826,1
300838,1
301024,1
301050,1
301113,1
301216,1
301222,1
301293,1
301344,1
301402,1
301465,1
301555,1
301594,1
301632,1
301760,1
301785,1
301939,1
302080,1
302093,1
302444,1
302445,1
302471,1
302566,1
302598,1
302695,1
302746,1
302764,1
302797,2
302829,1
302918,1
303123,1
303200,1
303225,1
303418,1
303424,1
303495,1
303507,1
303564,1
303578,1
303603,1
303731,1
303770,1
303776,1
303866,1
303910,1
303936,1
303974,1
304192,1
304339,1
304340,1
304346,1
304384,1
304435,1
304454,1
304461,1
304512,1
304518,1
304544,1
304614,1
304640,1
304698,1
304832,1
304857,1
304858,1
304864,1
304960,1
304992,1
305100,1
305101,1
305177,1
305209,1
305242,1
305254,1
305319,1
305331,1
305452,1
305465,1
305472,1
305504,1
305542,1
305561,1
305580,1
305702,1
305722,1
305792,1
305894,1
305907,1
305972,1
306048,1
306086,1
306163,1
306227,1
306317,1
306483,2
306547,1
306585,1
306605,1
306701,1
306707,1
306733,1
306752,1
306758,1
306784,1
306868,1
306925,1
306944,1
306989,1
307001,1
307008,1
307052,1
307066,1
307123,1
307161,1
307290,1
307315,2
307379,2
307424,1
307475,1
307520,1
307558,1
307776,2
307827,1
307853,1
307956,1
308045,1
308116,1
308160,1
308205,1
308218,1
308224,1
308308,1
308320,1
308333,1
308358,1
308436,1
308532,1
308570,1
308800,1
308877,1
309043,1
309114,1
309184,1
309191,1
309203,1
309331,1
309402,1
309453,1
309497,1
309619,1
309658,1
309677,1
309760,1
309766,1
309811,1
310016,1
310061,1
310170,1
310189,2
310215,1
310234,1
310311,1
310317,1
310336,1
310368,1
310438,1
310445,1
310573,1
310605,1
310612,2
310682,1
310695,1
310759,1
310893,1
310918,1
310969,1
310970,1
311001,1
311002,1
311066,1
311078,1
311085,1
311142,1
311226,1
311232,1
311251,1
311264,1
311277,1
311296,1
311398,1
311418,1
311533,1
311546,1
311584,1
311699,1
311700,1
311725,1
311853,1
311942,1
311981,1
312025,1
312026,1
312044,1
312077,1
312102,1
312108,1
312134,1
312153,1
312160,1
312301,1
312326,1
312333,1
312486,1
312602,1
312614,1
312620,1
312627,1
312640,1
312679,1
312742,1
312787,1
312832,1
312839,1
312992,1
313068,1
313075,1
313114,2
313139,1
313203,1
313299,1
313312,1
313325,1
313370,1
313382,1
313453,1
313472,1
313485,1
313504,2
313593,1
313652,1
313684,1
313703,1
313734,1
313786,2
313805,1
313824,2
313940,1
313952,1
313958,1
313984,1
314003,1
314073,1
314086,1
314105,1
314112,2
314151,1
314182,1
314201,1
314214,1
314265,1
314278,1
314304,1
314323,1
314329,1
314349,1
314419,2
314445,1
314483,1
314521,1
314534,1
314535,1
314541,3
314560,1
314649,1
314733,2
314771,1
314784,1
314797,1
314804,1
314829,1
314861,1
314886,1
314887,1
314957,1
315014,1
315021,1
315027,1
315110,1
315180,1
315188,1
315194,1
315212,1
315245,1
315251,1
315360,1
315424,1
315437,1
315450,1
315488,1
315508,1
315635,1
315648,1
315699,1
315705,1
315719,1
315769,1
315788,1
315821,1
315840,1
316039,1
316128,1
316160,1
316205,1
316217,1
316256,1
316320,1
316327,1
316429,2
316448,1
316461,1
316493,1
316512,1
316576,1
316615,1
316634,1
316691,1
316692,1
316743,1
316819,1
316870,1
316877,1
316954,1
316986,1
317024,1
317050,1
317152,1
317171,1
317229,1
317241,1
317242,1
317414,1
317504,1
317510,1
317517,1
317536,1
317562,1
317619,1
317632,1
317638,1
317670,1
317690,1
317812,1
317824,1
317836,1
317843,1
317850,1
317882,1
317972,1
317977,1
317990,1
317997,1
318023,1
318029,1
318061,1
318068,1
318304,1
318413,1
318425,1
318432,1
318445,1
318483,1
318560,2
318611,1
318650,1
318669,2
318720,1
318758,1
318803,1
318823,1
318855,1
318867,1
318912,2
319085,1
319212,1
319225,1
319238,1
319251,1
319309,1
319334,1
319341,1
319360,1
319481,1
319673,1
319718,1
319731,1
319738,1
319764,1
319789,1
319795,1
319802,1
319833,1
319840,1
319853,1
319879,1
319898,1
319904,1
319981,1
320013,1
320032,1
320077,1
320122,1
320211,1
320237,1
320243,1
320256,1
320301,1
320320,1
320352,1
320627,1
320666,1
320678,1
320781,1
320953,1
320992,1
320998,1
321011,1
321132,1
321229,1
321318,1
321376,1
321389,1
321472,1
321484,1
321491,1
321516,1
321638,1
321689,1
321728,1
321734,1
321779,1
321824,1
321881,1
321895,1
321926,1
321927,1
321952,1
321984,1
322003,1
322048,1
322099,1
322106,1
322150,1
322151,1
322163,1
322215,1
322240,1
322266,1
322272,1
322323,1
322324,1
322374,1
322381,1
322387,1
322419,1
322528,1
322631,1
322700,1
322745,1
322752,1
322796,1
322803,1
322822,1
322842,1
322848,1
322868,1
322899,1
322937,1
323008,2
323034,1
323085,1
323155,1
323168,1
323194,1
323225,1
323258,1
323283,1
323296,1
323354,1
323386,1
323392,1
323399,1
323456,1
323462,2
323508,1
323520,1
323545,1
323558,1
323565,1
323572,1
323597,1
323603,1
323604,1
323648,1
323661,1
323680,2
323699,1
323712,1
323737,1
323757,1
323801,1
323802,1
323859,1
323878,1
323943,1
323961,1
323962,1
323968,1
323975,1
324000,1
324013,1
324109,1
324147,1
324192,1
324204,1
324218,1
324237,2
324243,1
324275,1
324288,1
324301,1
324358,3
324397,1
324428,1
324429,1
324442,1
324499,1
324518,1
324524,1
324525,1
324538,1
324582,1
324614,1
324647,1
324659,1
324660,1
324710,1
324730,1
324755,1
324775,1
324800,1
324844,1
324845,1
324877,1
324915,1
324922,1
324953,1
324999,1
325043,1
325075,1
325113,1
325158,1
325210,1
325216,1
325223,1
325242,1
325248,1
325325,2
325338,1
325389,1
325396,1
325414,1
325427,1
325440,2
325472,1
325478,1
325484,1
325485,1
325498,1
325536,1
325555,1
325613,1
325619,1
325644,1
325651,1
325657,1
325658,1
325676,1
325683,1
325689,1
325715,1
325735,1
325747,1
325766,2
325772,1
325786,1
325805,1
325817,1
325863,1
325868,1
325869,1
325907,1
325984,1
325990,1
325997,1
326067,1
326093,1
326118,1
326144,1
326151,1
326176,1
326195,1
326233,1
326259,1
326297,1
326361,1
326400,1
326458,2
326483,1
326573,1
326656,1
326662,1
326708,1
326752,1
326758,1
326835,1
326848,1
326887,1
326893,1
326905,1
326963,1
326989,1
327059,1
327072,2
327130,1
327187,1
327244,2
327245,1
327251,1
327270,1
327296,1
327302,1
327353,1
327372,1
327379,1
327463,1
327475,1
327507,1
327533,1
327558,1
327577,1
327597,1
327648,1
327654,1
327706,2
327744,2
327827,1
327911,1
327923,2
327955,1
328013,1
328026,1
328058,1
328077,1
328103,1
328141,1
328204,1
328218,1
328256,1
328288,1
328378,1
328467,1
328525,1
328550,1
328601,1
328602,1
328627,1
328659,1
328666,1
328704,1
328729,1
328749,1
328781,1
328788,1
328813,1
328832,2
328845,1
328851,1
328928,2
328935,1
328941,1
328979,1
329018,1
329024,1
329050,1
329062,1
329075,1
329088,2
329107,1
329127,1
329133,1
329152,1
329159,1
329223,1
329248,1
329350,1
329363,1
329383,1
329408,1
329415,1
329459,1
329485,1
329491,1
329498,1
329555,1
329594,2
329607,1
329619,1
329625,1
329632,1
329651,1
329690,1
329715,1
329734,1
329747,1
329766,1
329785,1
329862,1
329863,1
329901,2
329914,1
329926,1
329952,1
329984,1
329990,1
330022,1
330067,1
330074,1
330080,1
330163,1
330176,2
330182,1
330183,1
330291,2
330304,1
330323,1
330336,2
330349,1
330394,1
330400,1
330413,1
330420,1
330425,1
330432,1
330483,1
330489,1
330503,1
330534,1
330554,1
330560,1
330579,1
330605,1
330611,1
330624,1
330637,1
330643,1
330669,1
330688,1
330701,1
330733,1
330752,1
330765,1
330854,1
330860,1
330867,1
330873,1
330874,1
330893,1
330899,1
330918,1
330919,1
330925,1
330951,1
330970,1
330982,1
330988,1
331027,1
331072,1
331079,1
331084,1
331117,1
331123,1
331136,1
331168,1
331219,1
331258,1
331264,1
331270,1
331283,1
331296,1
331340,1
331341,1
331347,1
331353,1
331366,1
331373,1
331386,1
331398,1
331456,1
331494,1
331526,1
331552,1
331558,1
331559,1
331571,2
331584,2
331603,1
331609,1
331622,1
331629,1
331654,1
331655,1
331668,1
331686,1
331693,1
331699,1
331706,1
331725,2
331732,1
331751,1
331770,1
331936,1
331956,1
331968,1
332006,1
332012,1
332096,1
332102,1
332109,2
332121,1
332128,1
332140,1
332141,1
332167,1
332173,1
332186,1
332236,1
332249,1
332269,1
332282,1
332294,1
332352,2
332358,1
332372,1
332390,1
332391,1
332403,1
332410,1
332429,2
332442,1
332460,1
332461,2
332473,1
332474,2
332486,3
332493,1
332500,1
332531,1
332576,1
332608,2
332615,1
332621,1
332647,1
332652,1
332653,1
332672,1
332685,1
332717,1
332742,1
332749,1
332762,2
332787,1
332800,2
332844,1
332857,1
332883,1
332896,2
332928,1
332960,1
332973,1
333005,1
333030,1
333037,1
333050,1
333056,2
333062,1
333081,1
333088,1
333107,1
333120,1
333139,1
333159,1
333184,1
333196,1
333216,1
333229,1
333254,1
333255,1
333267,1
333274,2
333286,1
333293,1
333318,1
333319,1
333324,1
333331,1
333351,1
333356,1
333363,1
333389,1
333408,1
333421,2
333427,1
333440,2
333478,1
333484,1
333485,1
333491,1
333498,1
333523,1
333529,1
333543,1
333574,1
333581,2
333594,1
333612,1
333619,1
333639,1
333645,1
333651,1
333671,1
333696,1
333773,1
333817,1
333837,1
333856,1
333888,1
333895,1
333901,1
333920,1
333926,1
333927,1
333940,1
334023,2
334028,1
334054,1
334074,1
334086,1
334100,1
334112,1
334144,1
334170,1
334182,1
334202,1
334215,1
334220,1
334285,1
334291,1
334323,1
334329,1
334355,1
334368,1
334381,1
334400,1
334419,1
334445,1
334451,1
334471,1
334489,1
334496,1
334522,1
334547,1
334579,1
334599,1
334604,1
334611,1
334643,1
334681,1
334688,1
334714,1
334733,1
334739,2
334746,1
334752,1
334758,1
334796,1
334804,1
334816,1
334867,1
334886,1
334912,3
334919,1
334970,1
334982,1
334995,1
335021,1
335033,1
335065,1
335072,1
335117,1
335123,1
335136,3
335143,1
335156,1
335161,1
335181,1
335187,1
335206,1
335257,1
335270,1
335283,1
335302,1
335315,2
335322,1
335328,1
335354,1
335443,1
335449,1
335482,1
335501,1
335520,1
335539,1
335540,1
335546,1
335603,1
335616,1
335629,2
335641,1
335673,1
335705,1
335706,1
335718,1
335756,1
335757,2
335776,1
335795,1
335820,2
335821,1
335840,1
335891,1
335910,1
335923,1
335962,1
335974,1
335993,3
336000,1
336006,1
336038,1
336045,1
336064,1
336070,1
336083,1
336096,2
336115,1
336128,3
336141,1
336147,1
336179,1
336185,1
336199,1
336204,1
336211,1
336224,2
336288,1
336295,1
336301,1
336320,2
336339,1
336352,1
336365,1
336391,1
336404,1
336416,2
336422,1
336441,1
336448,1
336455,1
336467,1
336474,1
336505,1
336518,1
336524,1
336537,1
336569,1
336576,1
336608,1
336627,1
336640,2
336685,1
336704,1
336742,1
336755,2
336768,2
336787,1
336807,1
336813,1
336825,1
336826,1
336838,1
336857,1
336903,1
336922,1
336941,1
336947,3
336960,2
336972,1
337063,1
337069,1
337081,2
337126,1
337139,1
337171,1
337235,1
337248,1
337261,1
337273,1
337280,2
337286,1
337351,1
337382,2
337389,1
337415,1
337421,1
337433,1
337466,1
337504,1
337510,1
337543,1
337549,1
337555,1
337613,2
337619,1
337626,1
337638,1
337639,1
337658,1
337702,1
337741,1
337760,1
337805,1
337811,1
337818,1
337824,1
337830,1
337863,1
337901,2
337920,1
337932,1
337952,1
337978,1
338022,1
338061,1
338074,2
338112,3
338124,1
338156,1
338163,1
338183,1
338188,1
338189,1
338195,1
338202,1
338208,2
338240,1
338266,1
338284,1
338311,1
338317,1
338336,2
338342,1
338355,1
338356,1
338374,1
338387,1
338394,1
338400,2
338452,1
338458,1
338471,1
338490,1
338503,1
338528,1
338547,1
338548,1
338566,1
338579,1
338586,1
338604,1
338611,1
338618,1
338630,2
338631,1
338650,1
338662,1
338675,1
338695,1
338746,1
338803,1
338810,1
338823,1
338842,1
338887,1
338906,1
338925,1
338944,1
339001,1
339021,1
339052,1
339059,1
339091,1
339136,1
339143,1
339161,1
339180,1
339194,1
339213,1
339232,1
339238,1
339258,1
339264,1
339270,1
339290,2
339309,1
339321,1
339328,2
339353,2
339360,1
339380,1
339398,2
339462,1
339507,1
339539,1
339552,1
339572,2
339584,1
339628,1
339635,2
339648,1
339661,1
339674,1
339705,1
339738,1
339764,1
339770,1
339776,1
339783,1
339789,1
339821,1
339827,1
339860,1
339885,1
339892,1
339897,1
339910,1
339917,1
339936,1
339942,1
339948,1
340000,1
340019,1
340026,1
340032,1
340038,1
340058,1
340096,1
340116,1
340167,1
340179,1
340192,1
340204,1
340205,1
340230,1
340282,1
340300,1
340327,1
340371,1
340403,1
340448,1
340468,1
340480,2
340486,1
340550,1
340563,1
340569,1
340576,1
340602,1
340608,1
340614,1
340640,1
340646,1
340685,2
340704,1
340723,1
340748,1
340768,1
340806,1
340838,1
340845,1
340902,1
340941,1
340953,1
340960,1
341011,1
341017,1
341018,1
341037,1
341082,1
341114,1
341120,1
341145,1
341146,1
341159,2
341178,1
341184,1
341197,1
341228,1
341248,1
341274,1
341292,1
341293,1
341318,1
341319,1
341338,1
341356,1
341402,1
341408,1
341421,1
341466,1
341472,1
341497,1
341517,1
341523,1
341568,1
341587,1
341600,1
341644,1
341645,1
341658,2
341683,1
341703,2
341753,1
341799,1
341805,1
341824,2
341843,1
341863,1
341869,1
341952,1
341958,1
342060,1
342080,1
342099,1
342112,1
342131,1
342150,1
342227,1
342234,1
342246,1
342253,1
342265,1
342272,1
342329,1
342330,1
342374,1
342400,1
342432,1
342445,1
342451,1
342476,1
342483,1
342496,1
342509,1
342560,1
342572,1
342586,1
342592,1
342598,1
342599,1
342605,1
342617,1
342637,2
342675,1
342682,1
342720,2
342758,2
342778,1
342784,2
342810,2
342867,1
342868,1
342969,1
342982,1
343008,1
343020,2
343034,1
343046,2
343053,1
343059,1
343098,1
343123,1
343149,1
343162,1
343168,1
343206,1
343225,1
343239,1
343296,2
343309,1
343322,1
343334,1
343341,1
343354,1
343372,1
343386,1
343398,1
343424,1
343430,1
343437,1
343443,2
343482,1
343513,2
343514,1
343540,1
343545,1
343564,1
343610,1
343623,1
343628,1
343635,1
343641,1
343660,1
343674,1
343725,1
343731,1
343737,1
343769,1
343776,1
343782,1
343808,1
343814,1
343866,1
343872,1
343897,1
343924,1
343943,2
343962,1
343993,1
344000,1
344026,1
344064,1
344077,1
344115,1
344134,1
344160,1
344186,1
344205,1
344224,2
344237,1
344275,1
344282,1
344320,1
344377,1
344378,2
344384,1
344390,1
344454,1
344460,1
344480,1
344518,1
344524,1
344544,1
344569,1
344576,1
344614,1
344627,1
344633,1
344640,1
344647,1
344659,1
344710,1
344762,1
344807,1
344819,1
344851,1
344858,1
344928,1
344954,1
344992,1
345011,1
345024,1
345036,1
345094,1
345152,1
345159,1
345184,1
345190,1
345267,2
345274,1
345293,1
345318,2
345331,1
345396,1
345408,1
345414,1
345421,1
345427,1
345523,1
345536,1
345555,1
345587,1
345606,2
345644,1
345651,1
345683,3
345690,1
345754,3
345760,2
345773,1
345786,1
345799,1
345818,1
345888,1
345895,1
345913,1
345920,1
345933,1
345965,1
345971,1
345996,1
345997,2
346035,2
346067,1
346068,1
346080,1
346086,1
346118,1
346157,2
346169,1
346183,1
346189,1
346220,1
346240,1
346246,1
346291,1
346298,1
346330,1
346355,2
346368,1
346432,1
346444,1
346483,2
346509,2
346515,1
346541,1
346554,1
346560,1
346573,1
346599,1
346611,1
346631,1
346637,1
346643,1
346644,1
346656,1
346695,1
346708,1
346713,1
346720,1
346726,1
346739,1
346784,1
346822,1
346835,1
346848,1
346892,1
346893,1
346931,1
346932,1
346937,1
346957,1
347014,1
347040,1
347053,1
347072,1
347078,1
347079,1
347085,1
347091,1
347110,1
347142,1
347187,2
347200,1
347239,1
347257,1
347290,1
347303,1
347328,1
347341,1
347360,1
347367,1
347372,2
347373,1
347379,1
347417,2
347488,1
347494,2
347501,2
347507,1
347545,1
347565,1
347590,1
347610,1
347616,2
347687,2
347692,1
347693,1
347719,1
347725,1
347731,1
347738,1
347782,2
347789,1
347808,1
347814,1
347815,1
347821,1
347853,2
347859,1
347878,1
347884,1
347916,1
347930,1
347949,1
347955,1
347968,1
348038,2
348064,1
348070,1
348090,1
348108,1
348109,1
348128,1
348134,1
348167,1
348173,2
348198,1
348237,1
348250,1
348288,1
348320,2
348326,1
348352,2
348358,1
348410,1
348423,1
348429,2
348442,2
348461,1
348493,1
348499,1
348506,1
348512,1
348519,1
348550,1
348576,1
348595,2
348602,1
348608,1
348615,1
348628,1
348640,1
348653,1
348665,1
348704,1
348768,1
348839,1
348844,1
348903,1
348909,1
348998,1
349011,1
349049,1
349062,1
349069,1
349075,1
349095,1
349114,1
349127,1
349145,1
349152,2
349158,1
349178,1
349216,1
349287,1
349299,1
349312,1
349325,2
349331,1
349337,1
349344,1
349395,1
349440,1
349504,1
349516,1
349523,1
349530,1
349536,2
349568,1
349574,1
349613,1
349658,1
349676,1
349728,1
349734,1
349753,1
349760,1
349766,1
349773,2
349786,1
349792,1
349837,1
349881,1
349894,1
349984,1
350029,1
350060,1
350073,1
350138,1
350227,1
350285,1
350297,1
350336,2
350387,1
350425,1
350445,1
350483,1
350508,1
350515,1
350598,1
350618,1
350624,1
350675,1
350688,1
350701,1
350708,1
350733,1
350828,1
350848,1
350867,1
350874,2
350893,1
350919,1
350924,2
350957,1
350976,1
350982,1
351020,1
351046,1
351059,1
351079,1
351092,1
351104,1
351168,1
351213,1
351251,1
351264,1
351277,1
351302,2
351309,1
351321,1
351328,2
351341,1
351366,1
351367,1
351379,1
351385,1
351392,1
351418,1
351450,1
351469,1
351552,1
351591,1
351616,1
351661,1
351693,1
351712,1
351718,1
351731,1
351737,1
351738,1
351744,2
351750,1
351808,1
351815,1
351834,2
351865,1
351904,2
351942,1
351955,1
351993,2
351994,1
352032,1
352038,1
352039,1
352045,1
352083,1
352115,1
352148,1
352166,1
352172,1
352173,2
352186,1
352192,1
352198,1
352256,1
352269,1
352288,1
352327,1
352332,1
352378,1
352409,1
352422,1
352423,1
352429,1
352550,1
352621,1
352653,1
352660,1
352697,1
352698,1
352775,1
352794,1
352800,1
352832,1
352844,1
352902,2
352908,1
352966,2
352967,1
352972,1
352979,1
353037,1
353171,1
353178,1
353184,1
353228,1
353229,1
353241,1
353274,1
353319,1
353325,1
353344,1
353440,2
353530,2
353536,1
353581,1
353600,1
353664,1
353671,1
353690,1
353708,1
353715,1
353716,1
353728,1
353798,1
353805,1
353850,1
353863,2
353908,1
353913,1
353914,2
353933,1
353939,1
353958,1
353984,1
354080,2
354105,1
354125,1
354131,1
354164,1
354189,1
354215,1
354246,1
354266,1
354285,1
354311,1
354317,1
354355,1
354368,1
354381,1
354432,1
354477,1
354502,1
354515,1
354528,1
354585,1
354688,1
354707,1
354758,2
354765,1
354771,1
354797,1
354835,1
354861,1
354880,1
354893,1
354905,1
354919,1
354931,1
354963,1
354982,1
354995,1
355008,1
355021,1
355091,1
355092,1
355136,1
355168,1
355175,1
355251,1
355296,1
355328,1
355347,1
355372,1
355386,1
355418,1
355431,1
355437,1
355488,1
355501,1
355507,1
355558,2
355629,2
355654,1
355744,2
355750,1
355808,1
355814,1
355859,1
355917,1
355974,1
355993,1
355994,1
356064,1
356179,1
356185,1
356198,2
356282,1
356320,1
356384,1
356480,1
356506,1
356576,1
356608,1
356614,2
356749,1
356762,1
356864,2
356909,2
356960,1
357005,1
357044,1
357107,1
357126,1
357158,1
357184,1
357210,1
357255,1
357261,1
357306,1
357319,1
357325,1
357395,1
357402,1
357408,1
357446,1
357478,1
357536,1
357568,1
357613,1
357619,1
357638,1
357658,1
357671,1
357689,1
357690,1
357702,1
357721,1
357728,1
357785,1
357888,1
357907,1
357946,1
358055,1
358061,1
358080,1
358099,1
358105,1
358170,2
358202,1
358208,1
358228,1
358233,1
358253,1
358259,1
358278,1
358285,1
358329,1
358388,1
358400,1
358490,1
358515,1
358541,1
358586,1
358592,1
358605,1
358624,1
358643,1
358656,1
358745,1
358784,2
358810,1
358816,1
358822,1
358848,1
358861,1
358880,2
358899,1
358918,1
358931,1
358938,2
358951,2
358976,1
358983,1
358995,2
359008,1
359059,2
359072,1
359078,1
359117,1
359149,1
359193,1
359200,1
359309,1
359334,1
359411,1
359417,1
359475,1
359500,1
359501,1
359527,1
359558,1
359577,1
359636,1
359642,1
359661,1
359802,1
359821,1
359840,1
359885,1
359897,1
359898,1
359910,1
359916,1
359917,1
359949,1
360006,1
360026,1
360051,1
360058,1
360090,1
360108,1
360109,1
360122,1
360128,1
360160,1
360186,1
360275,1
360384,1
360403,1
360429,1
360435,1
360474,1
360480,1
360499,1
360525,1
360537,1
360563,1
360576,1
360595,1
360602,2
360615,1
360653,1
360704,1
360729,1
360742,1
360755,1
360774,1
360813,1
360845,1
360890,1
360902,2
360928,1
360941,1
360998,1
361005,1
361068,1
361075,1
361088,1
361190,1
361203,1
361235,1
361273,1
361293,1
361312,3
361318,2
361331,1
361363,1
361395,1
361415,1
361433,1
361453,1
361466,1
361478,1
361484,1
361510,2
361549,1
361657,1
361799,1
361805,1
361830,2
361901,1
361945,1
361997,1
362061,1
362106,1
362163,1
362189,1
362227,1
362284,1
362310,1
362361,1
362374,1
362432,1
362490,1
362502,1
362554,2
362573,1
362586,1
362605,1
362624,1
362630,1
362732,1
362758,1
362764,1
362765,1
362791,1
362848,1
362867,1
362868,1
362912,1
362932,1
362982,1
363034,1
363040,1
363046,1
363059,1
363072,1
363085,1
363091,1
363092,1
363136,1
363168,1
363181,2
363219,1
363296,1
363302,1
363328,1
363373,1
363443,1
363495,1
363546,1
363591,1
363597,1
363622,1
363635,1
363636,1
363641,1
363667,1
363687,1
363731,2
363821,1
363885,1
363923,1
363930,1
363936,1
363956,1
364013,1
364071,1
364109,1
364115,1
364166,1
364205,1
364224,1
364262,1
364281,1
364288,1
364359,1
364378,1
364384,1
364397,1
364454,1
364455,1
364467,1
364474,1
364486,1
364531,1
364557,1
364563,1
364564,1
364570,1
364576,1
364583,1
364595,1
364615,1
364627,1
364633,1
364678,2
364691,1
364749,1
364787,1
364793,1
364812,1
364838,1
364845,1
364870,1
364972,1
364999,1
365005,1
365152,1
365203,1
365261,1
365293,1
365338,1
365382,2
365415,1
365427,1
365479,1
365498,1
365511,1
365561,1
365581,1
365588,1
365594,1
365606,1
365625,1
365626,1
365632,1
365658,1
365696,1
365748,1
365753,1
365772,1
365792,1
365798,1
365811,1
365824,2
365831,1
365882,1
365900,1
365920,1
365952,1
365997,1
366003,1
366035,1
366041,1
366042,1
366100,1
366125,1
366183,1
366208,1
366253,1
366272,1
366285,1
366291,1
366304,1
366317,1
366362,1
366406,1
366438,1
366457,1
366464,2
366476,1
366509,1
366528,1
366534,1
366540,1
366547,1
366573,1
366599,1
366624,1
366656,2
366726,1
366745,1
366771,1
366790,1
366848,1
366912,1
366950,1
366957,1
367002,1
367027,1
367066,1
367078,1
367098,1
367111,1
367148,1
367149,1
367174,1
367180,1
367181,1
367232,1
367244,1
367251,1
367309,1
367315,1
367321,1
367444,1
367508,1
367533,1
367552,1
367559,1
367642,1
367686,1
367699,1
367706,1
367731,1
367795,1
367815,1
367834,1
367846,1
367847,1
367878,1
367892,1
367897,1
367929,1
367942,3
367961,1
367962,1
367968,1
368006,1
368032,1
368051,1
368064,1
368071,1
368192,1
368224,1
368249,1
368256,1
368262,1
368288,1
368294,1
368295,1
368307,2
368320,1
368332,1
368409,1
368550,1
368589,1
368640,1
368698,1
368723,1
368781,1
368787,1
368793,1
368851,1
368852,1
368871,1
368890,1
368915,1
368922,1
368935,1
368947,1
368998,1
368999,1
369081,1
369114,1
369120,1
369146,1
369184,1
369190,2
369203,1
369210,1
369242,1
369306,1
369350,1
369395,1
369427,1
369433,1
369446,1
369485,1
369510,1
369523,2
369543,1
369549,1
369555,1
369562,1
369594,1
369658,1
369689,1
369696,2
369722,1
369792,1
369818,1
369824,1
369856,1
369862,1
369863,1
369875,1
369881,1
369895,1
369901,1
369907,1
369946,1
369964,1
370009,1
370016,1
370029,1
370035,1
370080,1
370138,1
370201,1
370221,1
370285,1
370292,1
370304,1
370336,1
370355,1
370368,1
370375,1
370419,1
370426,1
370547,2
370554,1
370585,1
370599,1
370624,1
370631,1
370681,1
370682,1
370707,1
370759,1
370765,1
370771,1
370803,3
370841,1
370861,2
370867,1
370931,1
370951,1
370989,1
371001,1
371033,1
371059,1
371091,1
371097,1
371136,1
371142,1
371143,1
371149,1
371162,1
371168,2
371187,2
371200,1
371245,1
371366,1
371373,1
371456,1
371468,1
371475,1
371532,1
371552,1
371559,1
371597,1
371609,1
371635,1
371642,1
371674,1
371693,1
371699,1
371706,1
371712,1
371769,2
371801,1
371815,1
371833,1
371840,1
371898,1
371955,1
371968,1
371974,1
371988,1
372019,1
372038,1
372045,1
372071,1
372077,1
372116,1
372128,1
372134,1
372147,2
372192,1
372217,1
372243,1
372269,1
372288,1
372340,1
372423,1
372442,1
372512,1
372518,1
372538,1
372544,2
372556,1
372601,1
372628,1
372640,2
372698,1
372729,1
372736,1
372774,1
372806,1
372825,2
372845,1
372857,1
372864,1
372877,1
372908,1
372915,1
372922,1
372947,1
373011,1
373056,1
373068,1
373094,1
373113,2
373139,1
373152,1
373165,2
373184,1
373209,1
373210,1
373261,2
373293,1
373306,1
373312,2
373331,1
373376,2
373389,1
373414,1
373427,1
373453,1
373459,2
373491,2
373498,1
373523,2
373561,1
373619,1
373632,1
373683,1
373747,1
373754,1
373798,1
373818,1
373856,1
373862,1
373901,1
373907,1
373933,1
373952,1
373958,1
373984,1
373991,1
374003,1
374016,1
374041,1
374086,1
374093,1
374105,1
374112,2
374144,1
374208,2
374215,1
374285,1
374291,1
374297,1
374387,1
374406,3
374407,1
374413,1
374419,1
374425,1
374432,1
374522,1
374534,1
374553,1
374554,1
374586,1
374612,1
374618,1
374630,1
374644,1
374656,2
374669,1
374688,1
374707,1
374726,1
374739,1
374758,1
374777,1
374784,1
374791,1
374804,1
374829,1
374841,1
374848,1
374855,1
374861,2
374874,1
374880,1
374899,2
374938,1
374950,1
374963,1
374969,1
374982,1
374989,1
375002,3
375008,1
375034,1
375072,1
375078,1
375104,2
375149,1
375180,1
375206,1
375219,1
375225,2
375258,1
375283,1
375308,1
375341,1
375347,1
375392,3
375405,1
375520,1
375539,1
375565,2
375597,1
375648,1
375680,1
375699,1
375700,1
375789,1
375795,1
375820,1
375872,2
375898,1
375930,1
375942,1
375956,1
375974,1
375987,1
376007,1
376013,1
376032,1
376044,1
376051,1
376058,2
376071,1
376096,1
376109,1
376141,1
376217,1
376224,1
376237,1
376313,1
376340,1
376359,1
376448,1
376455,1
376467,1
376525,1
376544,1
376601,1
376723,1
376736,1
376756,1
376781,1
376787,1
376896,1
376915,1
376966,1
377024,1
377030,1
377056,2
377069,1
377101,1
377114,1
377120,1
377127,1
377164,1
377190,1
377216,1
377273,1
377293,1
377300,1
377312,1
377318,1
377331,1
377332,1
377382,1
377446,1
377549,3
377588,1
377613,2
377638,1
377657,1
377664,1
377683,1
377708,1
377728,1
377740,1
377741,1
377747,1
377773,1
377792,2
377849,1
377850,1
377862,1
377875,1
377913,1
377939,1
377978,1
378010,1
378041,1
378067,1
378080,1
378093,1
378100,1
378106,2
378138,1
378170,1
378183,1
378195,1
378246,1
378259,1
378291,1
378304,1
378336,1
378349,1
378368,1
378381,1
378400,1
378432,1
378438,1
378445,1
378515,1
378516,1
378553,1
378579,1
378586,1
378598,1
378732,1
378784,1
378790,1
378791,1
378816,1
378829,1
378841,1
378842,1
378899,1
378918,1
378924,1
378950,1
379001,1
379040,1
379066,1
379072,1
379091,1
379110,2
379117,2
379149,1
379245,1
379302,1
379321,1
379379,1
379418,1
379424,1
379430,1
379431,2
379494,1
379539,1
379591,1
379596,1
379661,1
379687,1
379693,1
379699,1
379712,1
379783,1
379846,1
379968,1
379975,1
380038,1
380198,1
380205,1
380237,1
380288,2
380359,1
380422,1
380505,1
380506,1
380576,1
380646,1
380653,1
380659,1
380679,1
380825,1
380826,1
380839,1
380883,1
381011,1
381082,1
381120,1
381190,1
381196,1
381235,2
381254,1
381273,1
381293,1
381306,1
381414,1
381415,1
381440,1
381511,1
381516,1
381561,1
381600,1
381606,1
381690,1
381702,1
381709,2
381780,1
381798,1
381901,1
382073,1
382106,1
382112,1
382144,1
382208,1
382221,1
382246,1
382278,1
382304,1
382330,1
382438,1
382439,1
382457,1
382490,1
382713,1
382745,1
382778,1
382848,1
382867,2
382925,1
382963,1
382976,1
382983,1
383060,1
383117,1
383194,1
383296,1
383302,1
383417,1
383418,1
383450,1
383508,1
383533,1
383540,1
383577,1
383680,1
383693,1
383737,1
383776,1
383789,1
383821,1
383827,1
384084,1
384160,1
384166,1
384179,1
384205,1
384231,1
384244,1
384339,1
384352,2
384544,1
384621,1
384685,1
384691,1
384730,1
384832,1
384909,1
384928,1
385043,1
385081,1
385197,1
385210,1
385242,1
385319,1
385325,1
385427,1
385466,1
385472,1
385491,1
385511,1
385530,1
385581,1
385593,1
385632,1
385760,1
385964,1
386093,1
386164,1
386169,1
386189,1
386304,1
386394,1
386413,1
386419,1
386464,1
386535,1
386553,1
386650,1
386663,1
386675,1
386713,1
386784,1
386796,1
386842,1
386848,1
386873,1
387052,1
387053,1
387162,1
387213,1
387264,1
387328,1
387456,1
387463,1
387546,1
387558,1
387648,1
387891,1
387897,1
387943,1
388000,2
388070,1
388148,1
388262,1
388275,1
388391,1
388410,1
388461,1
388525,1
388531,1
388627,1
388678,1
388704,1
388762,1
388845,1
388896,1
388928,1
388954,1
389018,1
389063,1
389177,1
389287,1
389305,1
389324,1
389402,1
389414,1
389581,1
389606,1
389722,1
389728,1
389779,1
389792,1
389811,1
389882,1
389920,1
389945,1
390055,1
390074,1
390138,1
390329,1
390355,1
390432,1
390477,1
390515,1
390752,1
390772,1
390790,1
390803,1
390816,1
390854,1
390918,1
390957,1
391303,1
391328,1
391341,1
391347,1
391366,1
391424,1
391520,1
391533,1
391699,1
391757,1
391860,1
392186,1
392646,1
392678,1
392755,1
392794,1
392845,1
392909,1
392922,1
392973,1
393018,1
393069,1
393158,1
393280,1
393401,2
393670,1
393728,1
394016,1
394105,1
394124,1
394131,1
394150,1
394490,1
394516,1
394598,1
394688,1
394708,1
394739,1
394950,1
395098,1
395270,1
395303,1
395315,1
395360,1
395449,1
395507,1
395789,1
395866,1
395968,1
396044,1
396186,1
396307,1
396320,1
396333,1
396435,1
396448,1
396454,1
396551,1
396596,1
396608,1
396794,1
396928,1
396935,1
396941,2
397081,1
397127,1
397171,1
397197,1
397242,1
397402,1
397433,1
397516,1
397536,1
397638,1
397664,1
397735,1
397997,1
398170,1
398202,1
398215,1
398477,1
398707,1
398765,1
398976,1
399206,1
399226,1
399283,1
399322,1
399392,1
399463,1
399495,1
399661,1
399724,1
399731,1
399763,1
399866,1
399936,1
399987,1
400122,1
400140,1
400179,1
400282,1
400570,1
400634,1
400793,1
400890,1
400896,1
401460,1
401772,1
401849,1
401984,1
402035,1
402048,1
402054,1
402202,1
402227,1
402342,1
402381,1
402579,1
402899,1
403034,1
403335,1
403392,1
403430,1
403475,1
403987,1
404166,1
404250,1
404422,1
404468,1
404678,1
404877,1
404928,1
404960,1
405132,1
405267,1
405268,1
405306,1
405383,1
405549,1
405561,1
405645,1
405664,1
405702,1
405709,1
405734,1
405792,1
405869,1
406208,1
406311,1
406355,1
406425,1
406483,1
406554,1
407021,1
407181,1
407584,1
407725,1
407930,1
408064,1
408160,1
408167,1
408224,1
408320,1
408397,1
408448,1
408582,1
408595,1
408666,1
408794,1
408877,1
408909,1
408928,1
409229,1
409447,2
409607,1
410086,1
410464,1
410643,1
410740,1
410797,1
410995,1
411040,1
411110,1
411276,1
411322,1
411360,1
411379,1
411418,2
411424,1
411571,1
411610,1
411686,1
411783,1
411808,1
412243,1
412269,1
412371,1
412525,1
412531,1
412666,1
412800,1
412832,1
412845,1
412858,1
412967,1
412992,1
413300,1
413369,1
413491,1
413492,1
413670,1
413939,1
414035,1
414061,1
414144,1
414201,1
414323,1
414387,1
414508,1
414560,1
414637,1
414663,1
414695,1
414701,1
414733,1
415014,1
415059,1
415078,1
415110,1
415155,1
415264,1
415270,1
415303,1
415353,1
415495,1
415590,1
415635,1
415821,1
415847,1
416012,1
416045,1
416717,1
416794,1
416845,1
416973,1
417056,1
417152,1
417312,1
417344,1
417356,1
417459,1
417472,1
417517,1
417626,1
417875,1
418061,1
418124,1
418182,1
418330,2
418445,1
418496,1
418522,1
418573,1
418598,1
418668,1
418867,1
418925,1
419014,1
419373,1
419424,1
419456,1
419494,1
419527,1
419719,1
419815,1
419853,1
419884,1
420012,1
420051,1
420109,1
420153,1
420199,1
420269,1
420410,1
420429,1
420461,1
420845,1
420896,1
421049,1
421082,1
421101,1
421184,1
421357,1
421376,1
421498,1
421549,1
421652,1
421657,1
421684,1
421703,1
421991,1
422106,1
422195,1
422214,1
422368,1
422413,1
422445,1
422451,1
422508,1
422599,1
422695,1
422887,1
422944,1
422988,1
423149,1
423206,1
423251,1
423264,1
423270,1
423443,1
423558,1
423719,1
423879,1
423898,1
423910,1
424090,1
424326,1
424576,1
424819,1
424832,1
424909,1
424992,1
425031,1
425273,1
425318,1
425530,1
425549,1
425574,1
425792,1
425824,1
425862,1
425927,1
426048,1
426176,1
426182,1
426272,1
426304,1
426540,1
426547,1
426560,1
426580,1
426636,1
426637,1
426727,1
426784,1
426873,1
427021,1
427059,1
427290,1
427296,1
427308,1
427399,1
427462,1
427475,1
427539,1
427622,1
427744,1
427898,1
427993,1
428013,1
428122,1
428269,1
428531,1
428557,1
428628,1
428633,1
428634,1
428858,1
429069,1
429171,1
429331,1
429632,1
429722,1
429914,1
429927,1
429971,1
430176,1
430202,1
430208,1
430489,1
430490,1
430573,2
430624,1
430701,1
430765,1
430887,1
430969,1
431021,1
431027,1
431065,1
431181,1
431270,1
431328,1
431380,1
431392,1
431501,1
431527,1
431558,1
432154,1
432160,1
432256,1
432339,1
432409,1
432435,1
432761,1
432858,1
432883,1
432903,1
432916,1
433024,1
433113,1
433312,1
433344,1
433517,1
433876,1
433907,2
433945,1
433997,1
434048,1
434298,1
434304,1
434394,1
434509,2
434676,1
434726,1
435079,1
435174,1
435245,1
435251,1
435270,1
435302,1
435481,1
435552,1
435558,1
435559,1
435680,1
435687,1
435764,1
435776,1
435891,1
435968,1
436019,1
436096,1
436167,2
436237,1
436346,1
436480,1
436506,1
436563,1
436877,1
436947,1
437024,1
437145,1
437159,1
437191,1
437196,1
437305,1
437376,1
437415,1
437497,1
437696,1
437747,1
437748,1
438022,1
438041,1
438272,1
438279,1
438349,1
438445,1
438547,1
438554,1
438841,1
438982,1
439091,1
439239,1
439386,1
439475,1
439520,1
439533,1
439635,1
439661,1
439750,1
439872,1
440083,1
440090,1
440109,1
440166,1
440198,1
440256,1
440301,1
440320,1
440435,1
440448,1
440524,1
440532,1
440583,1
440774,1
440889,1
440941,1
440992,2
441012,1
441024,1
441088,1
441203,1
441210,1
441222,1
441229,1
441235,1
441318,1
441401,1
441408,1
441427,1
441472,1
441498,1
441504,1
441664,1
441677,1
441722,1
441747,1
441869,1
441920,1
441927,1
441965,1
442054,1
442150,1
442151,1
442202,1
442407,1
442477,1
442585,1
442643,1
442701,1
442823,1
442944,1
443091,1
443110,1
443129,2
443174,1
443309,1
443514,1
443667,2
443706,1
443712,1
443821,1
443975,1
443981,1
444262,1
444294,1
444423,1
444499,1
444512,1
444544,1
444556,1
444563,1
444583,1
444608,1
444634,1
444646,1
444710,1
444724,1
444768,1
444781,1
444807,1
444825,1
444903,1
445094,1
445152,1
445171,1
445184,1
445222,1
445254,1
445318,1
445357,1
445370,1
445446,1
445465,1
445472,1
445664,1
445722,1
445766,1
445811,1
445824,1
445830,1
445939,1
446061,1
446099,1
446234,1
446240,1
446265,1
446278,1
446323,1
446554,1
446567,1
446598,1
446631,1
446739,1
446759,1
446842,1
446867,1
446887,1
446925,1
447047,1
447059,1
447533,1
447559,1
447578,1
447667,1
447737,1
447885,1
447955,1
447981,2
448000,1
448109,1
448224,1
448237,2
448269,1
448499,1
448531,1
448621,1
448627,1
448832,1
448870,1
448877,1
448883,1
448903,1
449050,1
449113,1
449126,1
449197,3
449280,1
449312,2
449427,1
449447,1
449459,1
449523,2
449568,2
449664,1
449888,1
449894,1
449978,1
450009,1
450016,1
450074,1
450183,1
450279,1
450285,1
450374,1
450387,1
450406,2
450522,1
450688,1
450707,2
450777,1
450848,1
450925,1
450976,1
451092,1
451098,1
451149,1
451238,1
451251,1
451315,1
451379,1
451437,1
451443,1
451463,1
451520,1
451610,1
451705,1
451770,1
451840,1
451910,1
452006,1
452012,1
452032,1
452077,1
452134,1
452147,1
452186,1
452211,1
452377,1
452500,1
452525,1
452576,1
452615,1
452736,1
452768,1
452832,1
452838,1
452877,1
452967,1
453069,1
453197,1
453216,2
453286,1
453331,1
453363,1
453568,1
453619,1
453645,1
453716,1
453760,1
453798,1
453812,1
453817,1
453837,1
453875,1
453939,1
453971,1
454067,1
454118,1
454163,1
454170,1
454202,1
454247,1
454279,1
454291,2
454297,1
454330,1
454368,1
454380,1
454534,1
454617,1
454636,1
454688,1
454727,1
454772,1
454912,1
454944,1
454989,1
455309,1
455462,1
455539,1
455584,1
455859,1
455884,1
456192,1
456352,1
456422,1
456512,1
456570,1
456583,1
456717,1
456743,1
456825,1
457114,1
457158,1
457171,1
457267,1
457274,1
457280,1
457504,1
457638,1
457664,1
457728,1
457773,2
457888,1
458016,1
458093,1
458214,1
458304,1
458348,1
458349,1
458368,1
458413,1
458573,1
458592,1
458656,1
458720,1
458733,1
458816,1
458886,1
459046,1
459124,1
459207,1
459283,1
459392,1
459488,1
459584,1
459603,1
459744,1
459840,1
459910,1
459955,2
459981,1
460237,1
460352,1
460768,1
460851,1
460909,1
461120,1
461158,1
461165,1
461216,1
461260,1
461331,1
461344,1
461350,1
461446,1
461536,1
462228,1
462534,1
462560,1
463021,1
463162,1
463168,1
463187,1
463238,1
463270,1
463296,1
463424,1
463693,1
463821,1
463910,1
463994,1
464102,1
464231,1
464934,1
464998,1
465030,1
465082,1
465101,1
465350,1
465504,1
465549,1
465760,1
465933,1
466106,1
466189,1
466227,1
466265,1
466605,1
466996,1
467008,1
467123,1
467239,1
467366,1
467469,1
467603,2
467680,1
467917,1
467974,1
468153,1
468448,1
468454,1
468563,1
468602,1
469088,1
469645,1
470253,1
470284,1
470400,1
470656,1
470772,1
471308,1
471533,1
471686,1
471962,1
472236,1
472454,1
472647,1
472832,1
472999,1
473012,1
473030,1
473420,1
473651,1
473766,1
474266,1
474656,1
474995,1
475072,1
475309,1
475353,1
475385,1
475757,1
475814,1
476256,1
476557,1
476666,1
476672,1
476793,1
476953,1
476960,1
477037,1
477101,1
477306,1
477331,1
477408,1
477414,1
477530,1
477555,1
477613,1
477632,1
478176,1
478253,1
478484,1
478758,1
478867,1
479097,1
479168,1
479219,1
479475,1
479693,1
479828,1
480102,1
480262,1
480467,1
480492,1
480621,1
480634,1
480684,1
480704,1
480941,1
480947,1
481024,1
481044,1
481101,1
481139,1
481216,1
481306,1
481312,1
481324,1
481594,1
481805,1
481939,1
481997,1
482016,1
482183,1
482208,1
482246,1
482285,1
482516,1
483066,1
483148,1
483335,1
483456,1
483718,1
484601,1
484653,1
484691,1
485255,1
485447,1
485645,1
485908,1
486361,1
486528,1
486669,1
486771,1
487412,1
487763,1
488372,1
488518,1
488774,1
488902,1
488941,1
488999,1
489146,1
489158,1
489351,1
489382,1
489414,1
489920,1
490796,1
491181,1
491213,1
491238,1
491335,1
491424,1
491584,1
491661,1
492250,1
492346,1
492582,1
492697,1
492870,1
493018,1
493158,1
493190,1
493299,1
493351,1
493651,1
493670,1
493747,1
494080,1
494157,1
494285,1
494553,1
494688,1
494982,1
495033,1
495052,1
495078,1
495207,1
495334,1
495399,1
495443,1
495494,1
495641,1
495853,1
495975,1
496052,1
496071,1
496096,1
496179,1
496346,1
496480,1
496614,1
496774,1
496787,1
496884,1
496960,1
496967,1
496992,1
497044,1
497331,1
497363,2
497453,1
497459,1
497606,1
497638,1
497843,1
497997,1
498029,1
498253,1
498509,1
498573,1
498650,1
498656,1
498663,1
498816,1
499027,1
499142,1
499251,1
499353,1
499456,1
499584,1
499616,1
499814,1
499827,1
499846,1
499878,1
499911,1
499943,1
499968,1
500012,1
500147,1
500160,1
500173,1
500377,2
500410,1
500448,1
500467,1
500653,1
500774,1
500781,1
500871,1
500947,1
501305,1
501306,1
501338,1
501440,1
501452,1
501670,1
501766,1
501792,1
501990,1
502029,1
502080,1
502144,1
502170,1
502470,1
502560,1
502579,1
502630,1
502695,1
502809,1
502880,1
503104,1
503431,1
503724,1
503788,1
503796,1
503872,1
504192,1
504352,1
504461,1
504832,1
505075,1
505312,1
505760,1
506406,1
506772,1
507258,1
507347,1
507654,1
507673,1
508787,1
509030,1
509651,1
509760,1
509824,1
510042,1
510886,1
510970,1
511155,1
511206,1
511245,1
511296,1
511380,1
511571,1
511712,1
512096,1
512851,1
512902,1
513152,1
513677,1
514765,1
514790,1
514944,1
515092,1
515744,1
516275,1
516646,1
517306,1
517331,1
517427,1
517760,1
518214,1
519111,1
519507,1
519802,1
519846,1
519961,1
520275,1
520692,1
520851,1
521748,1
521779,1
521933,1
522099,1
522477,1
522637,1
523411,1
524742,1
524807,1
525197,1
525248,1
525530,1
525894,1
526560,1
527155,1
527187,1
527603,1
527833,1
528013,1
528512,1
528941,1
529997,1
530086,1
530586,1
532684,1
534278,1
535623,1
536180,1
540659,1
554567,1
554733,1
558400,1
558797,1
566797,1
588141,1
588448,1
591321,1
606310,1
607232,1
609081,1
621204,1
621529,1
637254,1
666720,1
673076,1
673562,1
674554,1
700288,1
712697,1
729677,1
730201,1
731238,1
744697,1
757049,1
769760,1
778246,1
779469,1
780358,1
786784,1
788505,1
796755,1
801747,1
820307,1
829613,1
830375,1
837843,1
851571,1
888704,1
895763,1
907302,1
908845,1
932576,1
956026,1
981754,1
983091,1
984281,1
985920,1
991974,1
993325,1
1002374,1
1032122,1
1039148,1
1050592,1
1110893,1
1124058,1
1157331,1
1167507,1
1172928,1
1179590,1
1227168,1
1237594,1
1273165,1
1285018,1
1333293,1
1522279,1
1586803,1
1602803,1
1682797,1
1691226,1
1695879,1
1805939,1
1820716,1
2061235,1
2188333,1
2244716,1
2474899,1
3717434,1
3881792,1
5000205,1
6193005,1
6904351,1
8299603,1
8556300,1
8923289,1
12601267,1
12964736,1
13455795,1
16969887,1
